653635
729737
102723897
100132287
102465432
100133331
100288069
400728
79854
643837
100130417
148398
26155
339451
84069
84808
57801
9636
375790
54991
254099
7293
51150
126792
118424
6339
116983
126789
54973
80772
83756
1855
54587
54998
81669
148413
55052
441869
64856
219293
83858
55210
29101
643988
142678
984
728661
728642
9906
65220
2782
105378949
2563
5590
100506504
199990
105378592
6497
105378594
79906
100129534
11079
5192
9651
55229
115110
8764
127281
100287898
440556
63976
27237
1953
127262
49856
57212
57470
9731
1677
339448
55966
261734
8514
26038
6146
388591
23463
387509
11332
83715
8718
57449
79707
3104
9903
148479
90326
55735
23261
9341
8863
3604
11315
54206
50651
473
2023
6518
80045
9563
80176
84275
199953
5293
22883
56998
84328
64802
116362
10277
23095
5226
1676
5195
54897
23435
10747
6723
5394
2475
10218
29914
26232
93611
26270
10459
57085
4524
1185
26829
90231
5351
9927
60672
7133
55187
9249
10630
7799
23254
200197
55092
727684
114827
79180
842
23341
79814
84301
6248
23207
284723
54751
440567
729614
23013
7709
27129
1187
1188
348487
1969
128272
79363
54455
26099
55707
114819
26871
55672
84809
11209
26869
284729
6060
11223
9696
26870
4237
23400
6390
11240
29943
55920
55160
127707
8659
126917
23352
23065
51154
246181
22977
100506730
8574
54896
832
440574
644068
3362
255104
54546
23252
5320
127733
127731
55450
79594
978
65018
100861548
1650
57576
50809
8672
1889
100506801
84224
249
5909
84196
401944
3339
29092
998
54361
9923
712
714
713
2048
23028
7798
100996511
10236
80818
148898
6920
55616
3399
6135
6924
57095
11313
2582
3155
2517
55629
10772
127294
58985
163702
90529
57185
11123
10250
25932
864
25949
57035
6007
23585
55219
26119
57134
57190
56181
646471
164091
3925
5051
7780
149420
79927
51042
10256
101928303
64793
83442
91544
1043
79947
101928324
3151
6195
101928728
8289
55650
84243
54707
63906
10726
8431
126695
388610
115572
6548
23038
84065
644961
84958
9064
8547
10163
27245
2268
2537
199870
23673
5511
9473
6118
27293
55113
2140
5724
22826
93974
83667
54797
65979
1104
8420
6080
26768
54952
85028
692212
677838
115273
6883
26824
10691
51441
2035
399474
6429
51102
10076
7805
9672
9698
9410
51538
2170
347735
149086
284551
64129
553115
1307
576
8073
10657
55116
23633
200081
79140
56063
55721
149069
8668
339483
84734
3932
3065
65108
100128071
81629
55108
653121
339487
5928
57648
8565
64766
252995
113452
127544
204
113451
55223
149076
1912
7579
114784
2701
113444
653160
100506144
9204
79830
6421
9202
79932
23154
5690
127703
63967
192670
26523
192669
54936
1296
27095
55700
9967
79729
55194
83931
84967
127700
64960
1441
2899
728431
80149
64769
79753
7802
29889
54955
55143
149175
79693
127687
4520
3633
10946
2275
51118
64121
54933
79647
4725
23499
643314
353500
728448
8761
26508
51440
10450
656
54802
84879
10487
5538
6018
10269
1298
64744
65243
339559
64789
127396
9783
100130557
4802
9132
163732
1503
100507178
200172
22955
1907
59269
22887
284716
84217
79717
728621
10465
4904
149461
64175
79078
374969
114625
51058
6513
440585
10969
149465
128218
149466
7075
991
64834
112950
23334
5792
9682
100132774
6487
9670
1802
533
8704
149473
6536
55929
79033
100874278
55182
79639
11004
6202
1263
343521
149478
8643
8891
79654
7389
57643
4595
114034
10420
25974
5052
10327
4678
149483
60313
728963
51249
3652
23139
8503
10103
55624
541468
8438
10489
7388
387338
2166
127343
100507423
8569
148932
64756
9813
1579
260293
284541
10158
6886
6491
51727
84793
2306
388630
200010
54558
84871
79656
11124
1031
26994
22996
2060
114883
4898
5865
51060
91408
9372
200014
84950
23318
2882
65260
79699
440590
55268
6342
127435
1376
54987
4116
7804
148979
55706
54432
1733
51668
115353
9528
127428
606495
51253
23648
619518
26027
338094
25973
55001
1718
199964
7809
23358
8613
5563
199920
115209
4070
114803
3725
55277
51361
1573
4774
83941
10207
163782
7398
85440
27329
84938
29929
23421
84455
5236
4919
57685
55225
3716
101927084
105378775
205
9829
54741
3953
5142
84251
79819
57708
23169
3595
26135
1647
55970
100289178
9077
79971
55635
57554
55631
9295
81573
11147
1491
101927244
5733
9406
257194
8790
1429
127253
204962
34
1744
5876
256435
10026
26289
26009
23032
374986
374987
91624
8880
11080
54810
5737
10964
10561
64123
23266
101927587
79739
5567
80135
2787
100505741
1486
117178
255231
55283
126820
84144
148423
8915
23576
3491
54680
255631
57489
51100
9403
9653
8543
5586
2959
56267
494115
2635
2633
2634
115361
115362
23507
84230
55144
105378846
284695
84146
164045
8317
7049
646817
284697
23285
11146
79871
2672
7813
6125
388650
26782
22823
50999
343099
100131564
1810
54874
8412
100129046
30836
2730
24
9411
5825
2152
101928079
126969
1266
105378862
729970
199857
148534
25950
58155
1806
51375
163404
9890
54873
391059
178
23443
64645
163786
54482
1629
100506007
8634
8556
7412
2135
148867
51611
1901
1301
55599
280
648740
279
277
55170
22854
10451
29957
284611
113802
55119
6814
29899
23155
22911
6884
56900
677766
6301
1952
84722
6272
5686
284612
127002
284613
57463
2773
2780
271
2948
2946
2944
2949
2947
79574
1435
10768
85369
257
388662
3749
64783
9122
10542
3738
963
55791
128338
10390
79961
128344
5016
79084
515
128346
140
5906
55924
11218
3752
55917
7482
54879
829
4343
389
6566
100506392
100996251
9860
260425
10745
54665
26191
10717
64858
204851
56944
51592
10286
163259
4893
7812
80143
10100
4803
81839
845
55356
126868
476
84852
101929023
965
3321
914
5738
8458
80263
79679
10905
54855
54834
10885
200162
6913
10352
101929147
51179
128102
644242
90874
26227
3158
4853
9554
105378954
728841
767846
100996724
101929796
101060684
728855
2210
653820
653464
100873165
26863
105369140
100132417
554282
100996712
284565
645166
647135
728833
102724235
103091866
100288142
101929780
653519
5174
11126
27246
10623
200035
10401
8515
8799
9939
128077
84265
284615
10628
100132406
388677
170688
100288805
105373468
149013
5565
171423
2330
9557
607
51205
2702
51463
100034743
26864
200030
100132057
388685
25832
100996763
440672
9659
400818
653513
101060226
653598
57234
644634
440689
2209
653604
8370
105371405
126961
8337
723790
333932
554313
8349
8338
317772
51027
9900
10262
10903
56957
105373477
11311
51177
81611
51107
79630
148523
54460
9129
23248
80222
1893
54507
105371437
574406
4170
2029
55204
1520
1513
405
9869
29956
8416
55793
58497
149428
54964
56882
10962
126626
10500
79626
388695
6944
8394
5710
57592
5298
5993
8991
5692
23126
57530
7286
81609
65005
11022
6097
100191040
100132111
284486
117145
6281
6282
7062
388697
2312
339400
6280
6279
6277
6275
6273
140576
57402
6284
6271
26097
23557
3608
4881
65123
11000
105371448
57459
9909
200186
27173
148327
10899
5872
6232
7170
25912
9898
10456
57198
3570
126669
126668
55585
1141
103
3782
10654
57326
90780
6464
1163
80308
51043
8751
1945
1942
55974
54344
200185
80128
4582
7059
4580
2630
2629
10712
10067
1196
57657
5313
2224
284618
23623
55870
645682
645676
55154
55249
7818
100129405
54856
23208
6016
22889
677823
677771
9181
6746
56893
28956
57111
92312
4000
64218
9673
11243
79957
23381
84283
112770
7203
57127
4209
128239
128240
54865
63827
10763
1382
81875
51093
79590
3068
5546
9047
4914
3645
375033
9826
2117
55243
912
4332
149628
3428
57863
2532
325
1401
54935
56833
284677
391123
8407
93183
3766
93185
477
729867
8682
50717
5824
1314
474338
23385
57216
114836
8832
6504
962
57823
50848
100131187
7391
257106
81607
126823
5202
4817
9191
51506
27005
5498
8703
9507
4720
2207
84134
4359
6391
257177
2212
3310
2214
9103
3311
2215
2213
11266
22926
25903
9722
400793
127933
6675
4921
51478
5999
8490
5087
100505795
4259
223
54499
7371
149297
57645
117143
387597
5451
919
8804
92241
9019
55811
25874
55827
23432
261726
375035
84832
9095
1805
101928596
481
29922
8548
57821
10560
2153
6403
6402
6401
92342
55732
57147
22920
92344
5396
2328
2327
2326
2329
23215
4653
8674
51603
26052
100628315
5279
51430
7292
100506023
101928673
9588
339416
27252
91687
55157
100506046
60674
692196
84614
149041
9910
9293
27101
63931
9674
64326
60676
89866
730102
9462
400798
55103
9068
9917
64222
27
6646
7827
163589
163590
26092
9857
5768
200058
89884
100527964
84320
9213
57710
10228
3140
51278
777
2752
6041
6004
80896
1660
3915
3918
23057
284649
9887
4688
10092
23179
23127
116461
81563
80267
116496
6045
81627
54823
10625
83872
7175
54953
5743
5321
64407
5996
100616345
5997
51377
6738
51022
79577
8707
343450
3075
259266
360023
163486
140609
127124
5788
2494
23528
9928
83479
23271
55765
23046
252839
91156
5317
7139
3898
7135
23612
1465
89796
55705
149345
25802
10440
6051
1999
127829
5778
4660
127833
10765
5877
59349
51094
51706
92703
8497
134
1116
1118
7832
2331
5549
493
84719
9877
100381270
6635
9580
55224
5972
22874
84919
5287
4194
10446
23114
5929
25778
9911
81788
5129
284578
148808
2005
85414
64710
8934
254428
148811
284581
115019
338382
1510
440712
553
23380
9641
83593
1939
8444
9261
9214
5284
83953
79098
5208
55432
1604
1380
1378
4179
407026
148696
947
5362
57172
3914
50486
80342
3664
27042
56256
55733
3756
55758
7188
84791
7779
9926
25896
51514
100131205
5525
55248
29937
467
25936
128387
28982
79805
90806
26750
5629
56950
5784
1063
101929612
51133
7399
2104
55105
51018
7042
127018
102723886
2058
10380
55699
25782
6791
4139
79762
54996
64757
3142
11221
9015
375056
64853
148362
84976
7100
55061
824
7159
105369195
441124
23219
8560
4931
29097
80232
149111
127602
3930
55740
6726
2052
9725
29920
163859
3020
64746
286826
142
375057
3707
5664
56997
105379282
8476
339500
100130093
65094
116841
7483
100506571
375
79169
128308
2987
200205
574407
84033
101927401
81559
51127
149603
58480
5867
126731
55746
23456
27097
9816
2590
79605
22796
183
84886
79573
64801
375061
128061
8443
149371
83932
54583
7257
27185
57568
54627
84284
80003
84451
3775
148641
388753
6894
359948
9804
23029
51742
9453
6905
148789
1130
4811
7107
56605
128178
3964
55127
4548
6262
339535
1131
56776
2271
8564
23596
1122
731275
9859
10806
10000
10472
159
257044
51029
116228
284702
3192
101928068
84288
55083
64754
105373268
64216
163882
51097
100130097
25909
93474
79862
7678
100500849
84838
114548
80851
79894
55657
267002
10771
22982
414235
105376339
23185
23560
3422
22884
101927824
5214
10531
100507034
1316
100216001
83592
1645
1646
8644
10276
79754
54906
2665
54522
84893
3601
3559
84991
5209
399715
5588
439949
57713
80760
22944
509
83860
2625
399717
10659
439950
414196
9712
79746
254427
219731
26019
55526
55176
11164
8872
57118
83643
10133
55388
5264
22929
222389
8559
55691
83641
441549
51182
79723
64421
10557
9397
221061
8516
80013
9317
389941
6251
8029
1787
7431
338596
9200
8027
4360
783
221078
221079
340895
84898
10529
387638
399726
387640
8028
64215
100130992
23412
648
100499489
5305
22921
256815
220213
56243
57584
56952
79896
53904
54518
23590
10006
387644
22852
10730
84930
91452
387646
22931
143098
220906
51322
25805
102724316
6840
57608
55149
1326
220929
220930
6935
100505502
94134
3799
80314
79741
3688
8829
56288
8453
1390
219771
8325
57209
100419868
219749
7581
7587
158160
399744
441666
84856
100129482
7582
9790
55454
221002
53828
3185
642819
8187
220992
7580
6387
220980
643236
83937
11067
220979
7570
105378283
240
220972
93550
253725
119016
728407
100287932
8031
653268
9721
83849
414241
399761
26095
642517
642826
1517
439965
102724488
414224
143162
5599
58504
57705
196740
170371
2074
55753
8505
100652748
414189
100421577
387680
56624
259230
104355295
653308
29974
5592
23283
11130
253430
55847
7321
7019
80114
728640
84457
220965
220963
8030
288
983
9886
219623
219621
84159
219790
84890
1959
29982
221037
84989
221035
101928913
29119
23411
26091
64081
3189
55680
1763
8034
80312
55749
219736
79009
9188
26128
5552
9559
6832
80201
3098
23555
219738
1305
55506
84883
219743
56681
5464
55222
1979
27143
5551
140766
8879
5092
219699
55315
64072
64115
5660
9469
9806
51008
119504
54541
54788
10367
90550
84647
5033
25961
11319
317662
23234
414245
51021
118491
310
118490
5532
159195
729092
729096
2749
9632
170384
118487
23053
8509
818
5328
7414
26985
132
23522
142891
7417
118881
84858
100131213
83938
3778
101929286
9231
11128
6229
57178
10105
219654
143244
650623
101060691
729262
642361
8512
80195
219348
311
84293
81619
10718
27069
92211
54462
2894
23063
11155
657
79812
6623
10974
119385
2746
54537
728118
728190
439994
728130
9562
9060
84896
5728
55328
118932
57559
100132116
59
355
3988
3433
3437
3434
24138
387700
53354
283011
9585
643529
10556
84333
143279
5507
80351
9044
22849
54708
3416
3832
3087
54536
26509
55165
5950
118924
159371
266971
51196
64318
23232
3070
1559
1558
142827
9124
10580
5832
26123
953
728558
387707
54619
9849
29760
56889
118788
728658
84458
26148
84986
10023
23401
23223
5223
51013
84287
64210
80019
26287
112817
414157
118812
55361
60370
83742
118813
401647
55118
27291
84171
84795
3257
26507
2805
81894
57089
1355
51076
1244
23268
10613
1147
55280
677800
282991
6319
90271
25956
4714
55662
5076
55719
57715
84545
56652
84445
79955
81855
8945
27343
25911
6468
10360
10724
30819
79591
79803
8861
23082
9221
8729
4791
5662
79176
79004
100505761
79847
10121
51684
81603
403
118980
54838
1586
119032
54805
22978
729020
84108
6877
84833
22984
51063
9148
9644
79991
9748
119392
80217
9446
119391
85450
101927472
22986
114815
7511
120
4601
10285
1847
9126
282996
27250
92482
8036
644511
150
57678
51703
64429
143187
6934
3026
840
9937
374354
153
55088
56165
340706
84632
3983
57700
142940
26033
2674
259217
387712
57698
6571
118987
196047
2018
22841
255082
63877
143384
340719
8661
404636
119559
10935
2869
105378510
6001
7073
9531
22876
79892
11196
196051
55717
2263
11101
54780
10579
59338
5654
196792
80007
118672
64376
36
9184
119587
51363
4942
64077
9679
101927944
399818
23172
54764
1488
26098
7390
56647
55760
92565
8038
1793
642938
399823
119467
5791
4288
4255
105378559
253738
387723
119437
10539
55844
664
282974
80313
170394
3632
54777
85442
101
10844
118472
118471
282969
1892
196743
92170
503542
619207
1571
100133161
51272
60626
23410
5719
171389
80162
10581
8519
10410
59307
338440
81490
6050
115399
101059906
3265
256329
8045
100506211
57661
3665
53841
10522
283232
64787
6888
347862
171391
105369190
79751
55367
6181
57104
283229
977
5441
7106
66005
161
4588
727897
54472
9024
81532
1850
402778
1509
4046
6150
283120
3481
10077
975
10078
29850
3784
10984
1028
5002
7262
4676
677833
833
114879
7748
105376526
57053
4928
27315
391
6786
6240
6737
55128
143503
3043
117854
85363
10346
84067
112464
6609
322
10612
23647
26515
144132
23378
3611
6881
1200
8642
63875
387751
7762
7761
143425
100506258
283298
8495
51700
341277
8665
7275
79608
65975
9866
6157
619562
6764
56672
56674
493900
57758
23258
440026
10527
677808
644656
7702
7465
23075
101927955
283104
81846
105376544
133
272
100463486
50862
10894
10335
9646
1982
692223
58486
729013
374378
283106
55031
27122
9645
55742
7003
100506305
644943
406
84280
84188
10418
22800
1315
5682
5140
120227
55553
10944
144100
10819
6207
5286
4925
374383
3767
10083
3746
26297
113174
6288
11234
2965
3939
7251
55293
144108
144110
54503
79733
89797
100126784
10553
10196
4745
203859
2188
2620
258010
63982
143662
159963
387758
8424
103695435
91057
55366
55327
497258
627
81930
196074
120534
744
100506627
341019
120526
196294
26610
5080
5954
7490
51352
10480
79056
79832
91614
55346
283267
1479
10114
25758
966
26273
4005
4076
55226
25841
847
2001
26298
51074
8050
960
25891
24147
54765
143458
29099
79899
7189
5896
119710
8539
55761
51144
221120
729799
387763
84680
2132
3732
90139
9537
56981
57586
8534
55343
1408
9479
9409
120071
51317
90993
8525
4192
55626
9776
392
79797
9793
4038
79096
84364
29763
1643
53
10062
8567
6688
91252
5702
10658
114971
55709
4722
23788
79841
23360
23279
5795
2346
187
85456
105369311
6749
29015
349667
8501
26519
219537
9246
710
219539
10978
25921
219541
51075
280636
643376
1500
9404
80829
10249
92292
374393
101927204
63901
23220
219972
5007
219988
6809
54948
64231
643680
51338
58475
84689
931
79080
27339
79073
54972
51296
923
921
55048
220001
1642
26007
220002
51524
51259
79869
54949
220004
9066
747
745
746
2237
3992
9415
3995
5866
7439
2495
3619
80150
79026
1937
64852
9219
256364
26229
23193
80789
79081
751071
790955
51035
221091
26580
221092
283237
79842
5436
10629
374395
79064
10482
6811
54663
26855
23642
9304
6520
9356
9376
283238
5920
11145
25923
10313
65998
144097
2011
79829
1351
55611
28992
23769
10963
83706
83707
84304
3338
7423
2286
26472
5331
56834
572
2101
51504
25824
283234
8986
55867
116085
9379
10235
5837
7536
5871
4221
55561
10938
23130
5526
116071
402
113130
7542
738
7108
741
2197
740
84447
728975
823
23649
10435
5977
283130
83786
283131
693197
101927789
378938
57410
4054
10534
23625
254102
4296
399909
6494
5970
10524
84153
91056
5017
254122
1072
80198
30008
1521
9158
11007
8061
83638
10589
9092
84285
8815
10992
55690
64837
81876
10897
57124
9610
25855
11041
3177
65003
246330
10072
582
254359
8722
9973
10432
5936
83759
6712
79703
9986
5091
78999
91683
29984
22992
156
338692
54961
100130987
57804
23529
5883
5499
374403
57571
6199
5790
57175
80194
9049
9600
10263
2950
4723
91703
645332
81622
221
4728
10312
1119
51111
53838
4041
55291
9633
1374
219927
3508
116535
219931
26579
595
220064
55107
8772
8500
2017
22941
100874198
220070
1717
55191
55199
285407
100133315
55298
10068
4926
100128494
220074
55004
2348
2350
3636
81570
5138
116985
10809
89849
9873
5029
5031
9828
84957
23201
58473
5870
51642
51287
80227
374407
7351
7352
26005
51400
283209
10008
387787
100287896
10714
25884
254225
143570
9789
10825
11309
408
6188
114599
81544
871
4135
84649
7405
7481
5612
100506127
56946
2615
25987
55331
726
4647
5058
282679
1207
51773
28971
92105
7069
4718
79053
283219
57558
9846
79731
26011
5547
27314
100506233
51585
338699
60492
1740
55863
84233
58487
220388
54843
8301
8726
51501
10873
11098
8587
8322
65084
23682
1075
2915
50507
219595
10003
26973
120114
120103
56935
85459
619383
684959
692063
654320
677805
677822
79101
28970
9440
24145
4361
54851
2526
143689
154810
51503
10929
23052
143686
143684
9702
8898
84441
79780
8690
143872
83935
5241
7225
57562
10413
330
329
114908
4316
4312
84259
79659
80310
837
834
114769
2893
84437
143879
60496
2977
143884
91801
54733
8065
38
4863
472
160140
143888
23086
1662
85463
5962
2230
57569
399948
120376
5450
143903
23235
5519
79796
91893
64776
1410
3316
85458
1737
120379
55216
26521
6392
3606
83875
5805
283140
4684
54970
255239
9183
57646
7704
4837
101928940
54494
10179
25996
23705
84811
8882
23387
5049
51092
100652768
6876
9159
257160
23621
22897
57453
486
53826
3587
56649
6330
120425
196264
10205
916
9354
10632
4297
84866
56912
372
23187
11181
1656
283149
338657
649946
6230
51399
2542
10525
55823
3145
3014
1798
9854
25988
79671
79849
867
4162
79102
9099
7070
5818
220323
219902
23365
219899
7007
6309
6653
105369535
399959
84959
79864
3312
85389
79827
57476
55800
7753
4013
84897
54414
53340
4900
23584
90952
101929340
79684
64221
54538
80071
219855
219854
63876
9638
9538
3703
1111
219844
83480
50937
84881
79607
6734
55572
114609
28960
6484
84623
2113
2313
3758
3762
219833
9743
8538
120224
4798
56980
334
6768
29068
11095
170689
103611081
399979
50863
283174
22997
83700
23310
112936
29087
27034
89944
27087
283177
100288778
440073
574538
6539
6540
102723544
5927
84318
283358
100049716
65125
5893
23085
81029
144699
79602
93589
196513
775
100874234
100874370
2288
55846
83714
100507424
101929469
2305
83695
7289
7004
10867
84766
57097
894
57103
57102
10635
8798
4704
3741
57101
7450
928
55200
7132
6337
4055
678655
55080
6843
51258
9918
692148
2597
25900
4839
1108
57121
51147
171017
196500
50813
8079
5763
3902
920
27239
10536
83461
8078
7167
84727
171220
10233
2026
1822
113246
5777
11331
677777
10436
10162
716
715
51279
283314
83758
9746
5830
283316
9332
144195
6515
55810
719
25977
50856
440078
55138
653113
8076
57494
1911
4074
144571
2
5858
100499405
642846
440081
408186
374443
29121
969
9976
160364
51267
64581
4973
120939
23710
3824
10748
55110
8531
50838
5555
50840
259295
259294
259290
259293
100129361
338817
2120
4040
54682
118426
80824
1389
1027
81575
51202
9052
55507
50865
100506314
93164
57613
2012
2904
55729
79887
2984
105369669
121504
55766
144608
51729
440087
420
4256
121506
397
85004
5800
2059
11171
51071
4257
55885
728622
79785
5288
89869
54477
121536
5139
79912
5965
51026
80763
2998
3945
3764
10060
55907
6489
9847
55500
6660
586
4033
55259
144363
3845
100506451
11228
79365
8082
3709
55726
26127
51768
9412
23012
56938
8496
60488
57542
5744
55297
55711
100506606
51290
341350
83857
10526
65981
441631
1663
58516
79857
160518
100874249
254013
196394
440093
55196
636
121512
10059
51067
5318
341359
84920
144245
144402
55605
114134
120892
1272
29951
283464
10138
85437
51535
144165
83448
51135
5756
84216
4753
51054
196527
400027
196528
9169
81539
54407
100288798
55089
347902
91523
100233209
79657
10411
55652
51564
7421
79022
29843
5213
140461
121274
54934
904
112
784
9416
85478
51303
377
23109
5571
8085
55716
10376
7846
84790
79962
65244
100335030
23416
10445
84070
25766
91010
7009
57701
144233
359
101927318
362
363
29127
41
6602
2819
84987
91012
51474
121006
113251
57609
466
25840
613227
4891
25875
81566
7024
5463
9802
57228
51411
11226
9498
6334
401720
105369971
94
91
160622
3164
60673
26628
144501
3855
3856
3875
1975
283335
23371
84926
3489
51380
283337
3695
5916
84975
9700
5204
60314
8086
6667
54458
5094
102157401
7786
6895
8620
11016
517
57658
3226
100874364
100874363
3225
3224
3223
3221
3222
440101
400043
23583
23468
3178
22818
25946
3678
3071
5153
5502
9840
196410
3679
2647
967
10220
84324
29095
85406
440104
4327
84305
1606
6490
1017
5869
6821
64375
6231
2065
5036
6171
84872
23344
140465
4637
6601
10193
79035
283375
283373
93058
1431
10330
9924
6773
8914
283377
27165
5939
11176
506
10728
4666
5557
9880
23306
4665
6778
4035
11247
6472
56901
246329
22864
2735
64333
4141
1649
114785
10540
79837
196403
115557
65012
10956
116986
6302
1019
92979
1594
4234
25895
10102
10677
10106
121227
9194
9958
23041
283416
57460
552
283417
10329
57522
144577
11260
29110
283349
2799
23329
23592
253827
8091
100129940
84298
51643
11213
92797
23426
55832
8445
56890
100507195
5908
100379132
57122
55508
4193
1368
11052
4069
8089
10818
10576
117177
196446
4848
27345
5787
7103
196441
83591
55266
23011
64786
729633
283392
29953
552889
84698
11010
11103
22822
4673
79738
114882
23390
1466
144455
89795
6857
5074
4659
283310
105369868
105378254
374462
8825
79611
8499
29080
84190
160335
84125
9182
91298
80184
160418
4254
1848
105369889
282809
490
338758
4060
1634
694
8411
11163
7334
28977
8835
8738
101928731
10154
51134
57458
105369914
55967
7181
55785
55591
10988
100132594
59277
6636
144193
4048
2004
5128
144535
121441
196475
121456
7112
5250
677832
121457
317
56899
23074
55592
64431
55681
9971
283431
121601
160728
27340
400
56994
50511
79158
101929005
55332
51019
79023
55010
3479
5053
55576
51559
7184
728568
6996
83468
29915
4801
7296
493861
50515
84102
121053
160428
23325
55198
387882
9891
10970
255394
55703
55188
90488
80298
1407
121551
11137
11108
101929162
9671
1240
11153
9733
23479
338773
6404
23603
54434
1610
84749
121642
7374
32
283446
83892
89910
326625
4598
84915
59341
51228
84260
9815
88455
400073
28981
488
51434
10094
51184
29902
51699
160760
79600
84329
5501
144717
10019
6311
8315
80724
217
51275
8550
89894
8759
10961
80018
10906
283450
6128
5781
4938
4940
4939
1840
8437
79039
84934
115811
53373
80024
196463
10993
113675
9904
6926
23389
100287569
643246
79794
84900
26259
100506551
54997
23014
4842
283455
5985
55884
54621
5037
51347
64426
84530
26353
160777
387890
5564
11113
92558
11021
10985
6175
5829
26834
1337
51499
283459
8683
8655
100506668
84274
9921
51367
9478
9761
84747
35
121665
283460
6927
64897
8638
5027
5025
10645
51433
80196
84678
84876
144404
338799
23067
3242
5715
144406
605
22877
254050
79369
56616
65082
6249
100507066
55596
65117
9735
338442
8843
8562
9026
79720
23457
79676
51329
57605
100507091
10198
91574
8099
55206
100293704
387893
196383
11066
353116
101927415
10959
57696
1967
2967
79867
23545
196385
80212
144348
9612
949
7316
57647
140707
102659353
65985
121260
23504
2054
5901
283383
6433
8408
80324
57634
677829
347918
317781
79050
50614
100130238
57666
100996573
5426
5827
192111
23141
2802
55743
100289635
7574
7637
7699
101060200
7556
10795
284232
54737
55269
9205
7750
2700
2706
10804
51084
8100
221143
64328
26524
10284
221150
78988
650794
253832
221154
2254
646201
26278
55504
4285
221178
100874231
143
479
55835
5042
9107
9818
51761
387914
6049
1024
10810
219333
6144
387496
2971
219402
222484
51082
432369
255967
2321
51371
283537
6541
5412
84056
3146
10208
241
84935
10808
145173
196549
10129
675
90634
10443
100462953
116828
23047
9365
90627
100874241
5983
26960
4081
9201
23111
8900
4093
5994
29880
11340
55578
10631
7223
100874188
51569
341640
80209
387921
10186
57511
2308
10240
10166
100616668
1997
11193
89890
84078
9617
79612
28984
23078
160851
11215
94240
29103
55068
160857
144811
121838
101929212
79024
8848
641467
26747
55425
2963
386618
7178
100190939
253512
83548
103752581
23091
3936
80183
23143
2098
8803
55270
29079
9445
5925
10161
1102
100129597
57105
22862
81602
81617
83852
51131
55213
115761
84650
3839
57213
8847
10206
283518
10301
145165
79621
2974
220108
647174
26512
100507398
115825
79758
540
440138
9724
341676
4752
100887750
55901
51028
26586
144983
10910
27253
81624
81550
5101
1602
440145
79866
22894
10464
688
11278
9882
170622
7347
4008
115207
1203
26224
23077
122060
1910
79596
64062
100505538
54602
10253
26050
407975
2262
10082
23483
160897
10257
9071
100874194
22873
5611
55757
266722
10150
5911
3843
10160
140432
8428
6564
23348
337867
2841
1880
9375
171425
5095
100885777
87769
84899
259232
9358
2259
283480
283481
7174
93081
79070
54841
2073
6555
1948
55082
728215
3981
84945
10673
23026
8660
1282
1284
55647
55739
79587
3621
283487
55608
8874
101060553
10426
23250
105370374
100874205
105378192
23263
2159
102724474
8858
55795
8451
3916
79774
101928841
55208
55002
7027
348013
650669
2621
22821
105377808
8881
65110
283489
642477
503639
91875
57820
85495
10038
7011
55644
328
90809
4860
283
6038
6039
6035
64745
57447
55701
51222
283624
3183
11198
57680
84932
9878
56339
6297
28652
28755
1603
63874
5018
9056
122704
4323
26020
55147
10419
54930
84962
60686
5693
64403
22985
55017
23428
100507650
57594
90673
599
8106
51310
10278
25983
79178
85446
8906
102724814
55449
10901
317749
728635
90668
9362
4901
5106
80344
5720
51016
5721
55072
10379
9985
79711
10548
283629
29082
4738
51292
26277
7051
5875
115817
161424
1241
196883
11035
4776
57523
23351
643866
56948
101927045
29091
4857
100505967
5587
55632
23256
29966
11154
25831
25938
112487
80224
394
9472
64067
112399
171546
55837
26865
26866
58533
1073
11177
6729
283635
55012
9692
5687
4792
253959
84312
51562
145282
6751
161198
283547
10484
8487
122553
5411
117153
4253
254170
145581
122525
54813
23116
55015
2287
57697
55320
6235
6029
122769
6166
4247
55172
5427
122773
23588
9147
378706
382
283551
79609
6655
79944
27109
8814
11183
51062
60485
51199
5836
114088
81542
122786
54331
51637
22795
5729
5732
57544
30001
5706
6815
64841
10979
80821
652
10175
2764
10668
23034
2643
11169
122809
93487
3958
9787
55030
22863
3895
57161
54916
10640
55745
122830
55195
145407
55860
5684
379025
5926
26520
9786
51339
23002
64582
112849
51528
6252
64430
51635
5494
51804
4331
57570
145389
161291
5583
101927780
3091
100750247
6617
57381
5529
112840
81537
23224
2100
4522
7597
9495
22890
3306
26030
6710
91612
2877
376267
4149
2530
10243
64398
51382
1965
26499
161145
57475
5283
384
10490
51109
23503
5890
100996664
677
87
8816
55218
57452
2079
55334
9766
100289511
6430
6554
64093
51241
105370554
55333
317760
8748
10001
23508
4293
22990
26037
145474
9628
8110
26094
53349
58517
5663
89932
101928123
8650
399671
79697
641371
10965
122970
83544
9240
91748
145482
57862
145483
51004
957
80127
4329
91750
5826
10577
122961
4053
9870
51077
56252
283571
1743
83694
5228
8892
27030
97
79696
91754
10972
2353
122953
55640
11161
23093
7043
112752
55668
2103
22846
100506603
23357
64207
85457
29954
2954
283578
161394
122945
63894
10598
9517
8846
81892
22938
57143
9369
1734
145508
7253
2957
85439
6400
23768
2581
8477
55812
11099
79882
161436
123016
1112
90141
55775
56659
5700
55051
801
145567
9252
80017
8111
440193
55671
123036
10516
9321
4287
4707
53981
123041
79890
5641
9950
3705
319085
64112
26175
84520
55148
55727
57578
145270
51676
78990
57062
122509
3429
83982
866
5265
5104
12
23405
400242
79789
79686
161176
283596
51218
27004
56967
624
55102
51527
122481
10914
7443
388011
64919
84193
8812
317762
84439
10858
2009
51466
123099
7528
123096
7453
79446
55384
5527
1778
3320
91833
5891
55778
51550
9895
122416
23186
7187
81693
9578
91828
7127
1983
4140
1152
115708
9529
84334
3831
7517
79038
23368
9556
122402
374569
26153
64423
122622
10572
207
100128927
283638
122618
113146
122616
55038
29933
3714
256281
2972
90135
23241
9112
1397
1396
283643
3494
3503
3501
3493
3500
3502
3507
28442
28439
28434
28394
28388
105379211
283755
646214
400322
283796
339005
123606
81614
23191
114791
4692
101928840
791114
23742
347746
8123
100033416
100033427
727708
100033431
100033432
3653
145624
7337
57194
2562
8924
440248
653720
440253
646278
321
23359
56160
7082
653073
653075
101059918
728498
101927579
89839
100288637
22909
54893
51621
161725
653125
728047
100288615
100996255
101928042
643699
9824
26585
342184
6263
57099
56851
161779
79768
51234
9990
55505
254531
23015
440270
70
9716
54989
723972
89978
84529
4212
161742
283742
10125
7057
161835
11245
440275
6727
100131089
90427
701
56924
5330
100505573
388115
90417
3712
22893
113189
90416
27079
57082
100505648
55177
2644
55192
643338
84936
6692
57617
54567
54617
11261
729082
51203
51103
23168
4058
26015
7301
23269
23005
100137047
51332
30844
101928363
255189
23339
25963
2595
825
64397
8773
255252
55142
57519
146059
146057
197131
80021
23582
9836
161823
146050
27229
7158
4130
9677
1159
161497
117155
548596
2923
80237
10169
619189
4236
79968
84978
113201
51496
645212
8669
80208
197135
567
100419583
6652
53905
90525
9153
2628
79029
7782
26258
58472
80031
50804
6557
1854
2200
22995
23741
9728
9318
2585
196951
2252
56986
79895
11001
2553
55056
100129387
9101
373509
54822
84888
23431
100132724
388121
342035
23312
256586
29767
29766
123169
5597
10681
55930
4644
10776
56204
256764
440279
51187
5873
9488
9236
26108
283659
4734
64864
374618
55329
54816
145783
6938
283663
84952
81488
8854
366
3990
102
664618
54629
79811
54778
9133
4643
92483
145773
9245
2958
663
302
79664
101928784
6095
54832
83660
7168
114294
51065
51762
83464
771
9960
100130855
283807
8925
23604
84191
6642
79856
5479
53944
9325
23060
4947
348093
80301
348094
51324
123263
51285
390595
10081
10845
8483
54956
26831
26832
57722
54878
51495
81556
9187
10260
8766
84465
115752
54962
5604
10302
6124
55055
4091
4088
79719
64799
100506686
5607
8554
91860
54982
10116
22801
10391
8125
80035
26035
54852
9493
6176
145837
7090
104548973
55075
55323
54839
79875
4649
123228
196996
5315
56965
60677
3073
25820
585
83440
4756
283677
27020
101241892
80381
388135
100287616
4016
9399
5371
3671
64220
8482
84993
440288
10620
1198
102723750
80153
1445
25989
10066
4351
57184
9377
54913
192683
60490
56905
54939
79661
4123
25942
5780
10073
55272
257364
1464
92912
26263
123591
2108
7302
49855
5955
9051
10099
79834
10363
84894
23102
10518
3419
55466
80349
3658
123688
5685
11173
10933
1512
23423
23251
400410
283687
54469
2184
100996492
9915
58489
57214
23184
59274
3603
80765
79631
647042
100134869
440295
80154
6218
64506
8120
123722
123720
9455
83640
123207
53339
53346
50810
57188
440300
388152
643707
374650
388165
54993
54581
84942
4828
23478
9640
57538
9154
5151
101929479
100133220
11214
64410
4916
26589
64963
55070
64782
3669
176
145864
4240
105376732
11057
55215
5428
254559
51458
90381
374654
5346
8800
56964
290
10239
348110
374655
3418
10509
10519
390637
51335
342132
8826
64784
641
5045
2242
4122
55898
374659
91433
9055
26276
28232
400451
100507217
1106
56963
55784
440311
145820
644192
7026
91947
104472848
3480
23336
64927
123355
7190
4205
145748
170691
441733
55180
140460
220
79705
22856
55829
6627
5046
100507472
80213
123283
100128108
105376734
101927628
374666
51728
79622
64285
4350
105376746
8131
3040
3039
55692
83986
8786
8312
10573
58986
100134368
4833
26063
9727
6650
146325
283948
9091
57799
117166
84326
84331
197335
89941
10273
339123
84219
146330
79006
65990
124093
84264
64428
113000
63922
64788
30812
146336
8912
25823
64499
7177
7329
8938
115939
84572
64718
283951
645811
1186
9894
9742
79652
57585
90861
23162
4832
65993
197342
90864
10101
3029
81889
51734
4716
6187
10607
2671
90850
9351
4913
7249
5310
25837
100507303
84231
64223
283870
283871
1877
1775
1632
10921
21
650655
899
4917
57465
527
51005
752014
5170
652276
645644
100507321
54442
23524
6923
64063
114984
84256
124222
51330
54985
79228
146439
64386
100507419
9235
7755
100507458
7760
7752
4210
283876
10127
91151
7627
54925
7727
146434
79903
23059
197358
84464
1773
10131
1387
115
6345
100507501
7023
84662
79585
114990
9093
57407
3163
29965
124402
23295
84309
124401
146562
26048
79641
84656
29855
5493
51172
146556
56052
196483
54715
79091
18
25880
5373
23589
7874
29035
2903
80063
2013
4682
780776
4261
28955
23274
8651
116028
400499
9516
8303
51061
29066
26156
2935
92017
55313
729993
2072
57496
5073
51283
642778
642799
730013
23420
100288162
9284
23042
123803
54700
353511
105369154
100288332
255027
89927
9665
54820
4629
123811
4363
368
408050
339044
101059938
64131
101059953
105376752
102723728
283820
653190
6210
23204
23049
79905
10229
162073
51760
51573
9738
57020
400506
124152
51704
2813
7369
54988
123876
348158
116285
55623
6296
112479
81691
123879
57149
57146
257629
1428
400508
100652781
23117
100190986
100271836
387254
51108
10261
730092
440345
7385
255762
730094
29904
55718
1039
105371130
100131998
641298
100132247
9956
57478
6340
6338
91949
23062
124454
56061
4706
79728
84516
5347
5579
5930
400511
27327
115584
55114
51451
100506655
342357
79831
197370
3566
50615
2975
23247
23214
388228
728741
728689
1201
55911
26471
112869
6799
6817
728734
8663
100507607
11273
7284
25970
487
79874
84901
83985
27040
653390
440352
728888
552900
440354
6693
23475
283897
3835
4150
112476
79447
9961
10423
26470
253982
253980
124446
9344
8479
283899
8448
226
5531
6911
83719
79153
5595
11151
654483
548593
613037
595101
10421
26000
1731
197407
51333
79077
22928
3683
79724
65988
92595
146542
146540
115509
78994
64319
730183
10847
100862671
5261
9810
23361
9274
101928736
1489
283932
54620
9739
93129
80270
112755
6810
79759
9726
339105
79001
10295
84148
5652
2521
29108
3684
3687
79798
7041
6524
64755
440359
100132341
124411
10308
606551
79801
55737
91807
388272
84706
10294
81831
81533
5257
83752
100507577
6477
9683
23090
255919
55027
64282
113
29117
85407
124460
64127
1540
105371253
6299
27324
80205
5934
64400
23322
79068
100505692
79191
643911
10265
4313
54947
1066
2775
267
11051
55239
583
4502
4493
4499
4494
4495
4496
4501
9688
6559
9709
1071
84166
221184
80011
89970
23568
51090
6376
57019
57017
5432
55715
92922
221188
9289
10300
3801
388282
57567
79650
4324
29105
1459
29070
64785
65009
79918
23019
55238
2806
1009
1003
146227
7084
51192
113540
123920
146223
1783
8883
57546
1014
6236
51647
8824
23491
283848
865
80262
84752
8717
55336
3299
8996
653319
283849
1874
79767
26231
29100
29109
6553
25894
55282
51673
29800
3291
9114
100505942
79567
10664
146206
65057
84080
388284
81577
57610
55815
80152
57215
10204
23644
5681
1506
5699
3931
6560
64174
55794
54920
4775
80004
23659
9057
84138
54496
55512
146198
1001
999
79613
3038
54921
84916
6645
27183
84342
51388
146456
7014
80777
10725
1728
28987
11060
348174
283970
55066
400541
283971
100506060
118460
16
11269
55308
6483
197258
25839
23450
146433
92154
55697
100130894
54768
55783
7571
7567
91862
23035
164
342371
55565
9798
1723
3240
3250
54957
9785
83449
101927957
463
5713
283922
440348
497190
2734
55159
197259
79152
79726
84937
197257
162239
9564
10428
124491
79583
11345
23536
3735
54386
22879
170692
283927
57687
51741
4094
124359
56942
55839
23300
123775
2653
114780
53630
8139
80790
100129617
5336
93517
10200
1012
3281
23417
105371371
29948
54550
8720
83693
123872
9013
58189
9914
57707
23406
79786
9100
83716
55625
9764
23199
51659
404550
10328
1327
3394
2294
64779
2303
2300
79791
81631
23174
100129215
54758
105371397
8140
54971
84627
161882
124245
1535
4597
197187
333929
115992
348180
9780
100289580
339059
81620
353
2588
51693
863
197322
197320
29123
105371414
100287036
101927817
6687
6137
606500
27132
1800
5119
124045
8558
124044
9605
100128881
92822
2175
84501
102724730
22980
4157
10381
54849
92806
172
79007
2622
750
100130015
8447
9501
105371432
400566
359845
55275
79850
50628
51031
55178
64359
29928
29
105371478
286753
7531
1398
4641
51763
5306
124935
8578
83547
10594
727910
84981
124997
5345
5176
114826
6117
146760
1801
124641
3090
23293
63826
55720
9905
4335
79066
5048
23277
105371591
105371592
23108
443
162514
7442
23729
1497
3682
55421
84254
5023
489
23140
124936
51479
7326
201305
124976
10514
124975
342527
27043
409
400569
58191
84225
388323
5694
5338
50488
100130311
2811
8402
26001
5216
2027
9552
23125
388324
10749
124961
7775
9098
84622
100130950
388325
9135
4927
84268
708
56919
51009
79003
728392
22861
23302
83394
9851
84817
54739
245
239
100506755
255877
201232
162515
10462
1742
37
1856
79142
11337
23399
23587
1366
6517
51087
1984
2874
84461
9744
147040
8711
254863
57555
284114
2256
1140
57659
5430
8742
8741
26168
652965
652966
26781
968
102724164
9526
9513
112483
482
7157
55135
23135
92162
84316
124637
1107
677763
284023
9196
58485
116840
247
5187
6844
84314
54785
80169
5198
399512
22899
100128288
124751
6154
81565
4628
146850
23533
9423
9482
124739
644070
8522
100128560
4626
4622
4619
4620
4621
6341
56985
388335
388336
1770
7566
6416
93649
9912
60528
9955
100874058
1352
9953
5376
201158
10626
57335
4213
136
125150
54902
9611
9487
201161
7314
51393
125144
388341
57336
57547
9720
162632
23164
201164
201163
8533
56953
55090
51655
10400
10743
100861516
140771
6720
146691
100507131
83450
91647
79018
1819
51168
54890
3996
2314
125170
7156
140775
6470
220594
284047
729288
2310
147166
51030
101929141
5636
125206
644815
10750
26851
780852
102724624
780854
400581
79999
780851
780853
22905
100874309
100874018
27077
5598
4239
55244
224
146802
9706
11216
92521
348254
23326
25979
8834
256302
5606
3768
339263
26118
8844
3965
4843
201229
51701
27346
90410
7126
26073
147007
23098
113235
9058
9094
94005
230
10615
100506436
124923
9703
6388
6830
147011
83871
6147
116238
284086
9618
55731
26284
2319
147015
57649
124925
51268
399687
57532
105371931
57551
116236
90313
28964
124930
84940
85464
84081
642
1362
9527
147172
6459
440423
51379
79915
79736
55803
84282
503645
4763
4974
2124
2123
84440
55352
55813
23512
114659
6458
55288
64149
7756
5717
8851
4642
26022
6347
6355
124842
10693
91603
3980
117584
5892
54475
162394
91607
55106
146857
100506736
5193
163
91608
79148
8148
6352
6362
6348
6351
414062
9560
101060321
729877
9326
80179
284098
79893
79154
79922
3975
26574
31
6871
11072
11276
11056
6928
284100
101060351
101060376
101060389
414060
101929950
102723859
729873
440434
84311
30837
57636
100170841
4302
284106
7703
5691
8396
54883
9349
619505
3927
57125
782
6143
342667
101929578
84961
5469
51755
84152
10948
93210
2064
84299
2886
22806
55876
94103
5709
9862
7067
9572
339287
22794
51195
147179
990
5914
125111
7153
3487
84951
1236
6605
3858
147184
3880
10209
9001
3728
10609
60681
115024
55175
47
83538
1267
7266
28511
201181
79132
2648
5878
84514
6777
6776
6774
284119
535
4669
3292
80347
6945
29893
162427
7283
27175
79990
8506
2145
100190938
10266
84313
65266
28958
124817
8678
10197
314
8639
102724175
388387
2538
146923
6155
3430
10493
672
10230
101929767
4077
113277
100874261
6066
100130581
379
1659
2118
50964
1845
4356
4355
162417
84336
124801
92579
10014
105371789
92591
339201
79089
56970
7343
6521
51629
2896
23131
2535
124808
80174
10052
9343
388389
146909
10882
79877
4836
113026
79777
10614
124790
752
100133991
9020
201176
9842
55073
644172
401884
147081
4137
284058
9884
100506084
728806
51326
474170
4905
7473
7484
9570
996
3690
102724508
124989
653479
9520
3837
9755
114881
124995
90506
90507
6668
100506325
55163
79170
80279
51226
4779
10951
29916
8631
3212
100874362
3213
3214
404266
3215
3216
3217
3218
3219
105371810
284076
10241
516
65264
11267
10642
124872
51225
162466
22834
5245
4804
11248
8405
10237
81558
11143
255061
729220
284080
3675
5164
201191
84687
1277
162461
64132
51264
55379
80221
1101
55316
84073
55040
64847
8714
91369
51747
10140
9043
4830
4831
54799
51096
56934
10040
1353
252983
3131
23531
58488
339210
8526
7706
8161
59342
8165
124540
101927539
51649
404093
7716
101929185
6426
140735
54903
9256
100506779
6827
54894
9110
5414
5889
22843
4591
348235
55771
55181
284161
388403
79665
1213
51651
81671
406991
51174
6198
51136
101927755
653645
63897
653653
762
84669
10513
8493
54828
6909
342538
83990
57508
9969
339175
11011
9902
26115
1534
1636
81033
10238
51204
4215
80774
92335
57003
11325
117246
5705
6603
6329
92340
3384
2081
692227
55852
5175
284021
11232
1655
100616387
100616408
90799
64750
146880
440456
374819
201283
10672
8787
8313
201134
5578
101928001
9931
5718
26207
25926
2186
284018
3838
100499466
51321
22901
9120
5573
55062
54757
10351
10350
23460
10349
100133319
23461
5608
3773
3759
400618
6662
100499467
201266
6752
9382
84923
55028
23580
54549
6169
94015
55890
11314
342510
326624
146722
9368
26151
54868
2232
283987
30850
3396
23510
10476
9121
79637
30833
51155
6613
79902
23163
51081
57409
60386
2885
9772
57513
283989
3993
80022
9400
643008
100130933
29115
3691
2584
3021
85451
201294
23558
91107
201292
64978
85302
51
2125
6730
23265
114804
283991
84074
5635
8877
63893
79651
114757
100507246
10610
439921
105376847
23210
124512
6427
79157
654434
6397
105371907
10801
105371905
100996273
100507351
57690
100131096
11322
147138
9144
7083
125061
332
9021
9489
8632
9267
57602
7077
100653515
3959
124583
114897
64772
339221
57332
8535
125058
55036
2548
9775
79092
6448
284129
57674
100294362
284131
57521
101928855
105371921
79643
440465
10458
9625
22994
146705
284184
124565
284185
57597
71
25794
80233
55666
339229
339230
339231
9146
6182
1468
2642
348262
5034
396
10189
51529
5833
51547
4097
5831
79058
201254
201255
51181
5986
2873
64118
2194
284001
9123
1453
6398
79701
284004
79415
26502
3607
56270
10966
79672
64122
6904
79755
146712
284207
727758
9097
9984
81035
7298
55556
7525
64863
10403
23347
84034
9663
727896
8736
10627
103910
7050
9229
649446
84777
339290
7541
23136
645369
91133
101927150
105372015
79822
284217
5797
201475
23255
4729
23253
102724383
57045
10928
9989
11031
9218
147495
8774
63895
105376851
2774
57132
65258
3613
84617
10939
10650
56907
56984
79959
5771
81929
55125
753
100288122
125228
8731
162655
440482
6093
80000
114799
6632
171586
57534
102723167
2627
64693
5932
91768
85019
8780
29919
4864
147463
3909
125488
26256
114876
55364
25925
6760
6875
284252
361
83539
1000
1824
1829
9331
22878
54941
51444
64762
57565
374864
80816
1837
10982
84307
100101467
10778
7572
252884
125476
2589
83608
55197
25800
55250
55034
80206
25941
57536
56853
5289
26040
6563
57724
9050
498
115106
147339
494470
125336
29906
9063
83473
100506888
728929
101930171
162699
51224
84064
51124
4087
201501
9811
4092
54808
6139
9388
10449
677769
4645
220136
4152
30827
5596
83876
4200
55520
4089
51320
1630
8932
677819
11201
162681
5874
80323
6925
9352
23335
2235
4677
100505549
5205
23327
115701
10892
55205
90701
3998
147372
28316
220441
23556
57614
8792
54877
23239
596
2531
9525
5271
28513
92126
54495
79839
220164
10666
25914
9306
29090
1528
55748
400657
55628
284273
10194
9658
7776
4155
27164
374868
100996274
4772
9150
105376875
26251
80148
440498
10907
79863
22850
100130522
84552
375690
399844
101928344
8612
101929060
54531
25759
91978
997
682
610
5442
55658
10272
5064
126353
5725
1675
10025
91300
84634
1820
57418
116444
91304
1265
10347
23526
5434
2879
22904
6794
255057
513
90007
148046
1153
55009
84939
374291
2593
26528
6209
10297
148223
54760
92840
399664
53615
10975
6929
148229
57455
100288123
83855
81926
113179
113178
1455
255193
55643
2872
126308
8943
84444
55111
8175
4946
51690
56928
360200
26517
84823
4616
2788
148252
29985
6449
7064
115196
148254
126295
58492
7089
166
2767
2769
56926
4782
284422
83475
51343
126321
100128569
10362
126326
6915
58509
23396
27134
9546
116541
4145
1613
1938
51588
51341
5605
84699
51548
170961
55702
55620
84954
6455
10036
80700
84717
729359
440503
10501
126282
56005
91039
100131094
55527
148022
10226
645432
29128
23030
5802
9667
6294
125988
374875
25873
9361
163154
56931
4902
2528
2525
126328
400673
828
8498
5990
4298
8192
84266
2962
8570
79085
92359
79958
8744
970
8740
718
56927
9322
10045
7409
79230
3643
23370
92960
140467
57192
10908
57662
56949
100131801
126006
6813
126003
30835
115704
80164
80131
5609
100507588
6618
404217
10469
1994
84467
79603
51293
4701
6234
256949
51129
100507567
9230
51257
4670
84106
84330
4542
81794
148156
57693
374879
84527
10781
79088
7675
93134
284385
54811
162993
54850
59286
5300
93145
50509
50700
55337
8666
1786
9294
51073
3383
7087
112812
125950
3385
7297
11140
5141
9817
84971
65095
1032
10053
57153
147727
3609
81890
1785
11018
10498
78992
90580
6597
3949
25959
57572
55908
9545
374882
126075
64748
126074
2057
57139
115948
5589
115950
51295
1264
84337
54
199692
664709
401898
55552
126068
126069
126070
90594
7620
90592
284390
163059
284391
388507
90589
7695
51710
147837
79973
90576
10224
163051
163050
57474
163049
4125
84292
51398
1725
84261
30000
79002
439
29911
3726
7001
10535
1777
2639
2193
811
5886
90480
4784
4066
55621
112939
8677
9592
773
81576
84245
28974
65249
284454
407010
54862
90379
5989
9466
342979
113230
90378
5566
55723
100507373
22859
976
10212
5585
5731
10755
3337
9524
4713
84449
30817
23581
85360
10994
4854
23476
10270
26993
58525
64926
4051
66002
8529
57834
7171
4218
84941
26017
8907
10365
58513
84167
10523
79939
9441
79086
79041
23309
9002
27151
93323
4650
55850
79629
2063
83878
29086
79575
64981
79016
57719
84705
83483
684
105221694
93343
376497
25796
79709
23025
55201
23149
10331
3718
6142
26780
115098
27106
3594
23031
5296
10437
84769
5864
5143
80726
3727
25804
54858
9518
126364
170463
51477
8178
23770
79036
7311
55049
9244
55295
23373
1311
5976
11316
54555
9454
10147
93436
284439
54929
729991
8625
126382
53345
57794
23383
54815
51079
374887
80714
9170
51291
57130
94039
7561
284440
440515
56242
81931
91120
7643
90649
105372315
102724436
664701
100129842
199777
7639
80264
148206
170959
7562
148203
284443
353088
163227
641367
7594
7757
113835
163223
148198
105376917
101929124
7652
388523
100132815
7644
171392
148213
388524
101929206
9534
100101266
148189
101927151
102724908
7386
10775
79156
83636
8725
57616
22847
147991
9141
84079
390916
11136
84902
85415
55094
4037
1050
1054
5184
79047
26065
9710
2821
10054
126374
284402
55900
339318
148103
90075
126375
57655
6324
3249
100128675
163175
5348
53827
51599
7392
933
93099
26330
100506469
10430
23354
79171
1340
27033
9757
79713
199746
55851
55957
126393
148137
115703
58510
4868
333
84807
7305
79414
644096
163183
84964
25999
199745
284403
5438
1155
826
1346
147929
7705
105376900
105376907
100506930
57677
284406
84924
339324
57711
101927599
84911
92283
101927621
163081
342892
284408
388536
25850
374899
374900
147923
199704
92285
163087
101927667
284412
284459
84503
148266
148268
390927
100507433
163255
51276
22835
163115
84775
126231
644554
23094
94274
10653
90522
9424
57828
5714
399473
147965
115727
6261
11184
27335
81
147968
1891
3191
126432
22933
4793
54938
6183
115290
126433
10298
9535
55095
54623
55588
7538
64857
6217
6829
92609
163126
9149
2091
8857
5704
339327
163131
284323
4294
208
126526
23646
57716
29950
29946
645
57731
92799
8425
9253
79934
80271
284325
6626
1555
558
11100
90324
7040
80776
641649
56915
593
374907
55101
100505495
90273
6223
9138
10567
2901
64763
5452
162989
116115
2931
2077
23152
5050
284339
1954
100996307
3991
634
5672
653583
23474
284346
7515
390940
126298
79177
126299
199731
5329
56006
284349
342908
7596
7638
7711
7773
7673
7766
342909
7767
7768
10780
7769
7770
353355
9310
7771
26974
7772
7733
5817
56971
602
23624
4059
5819
10452
348
341
1209
5971
11129
79760
284352
284353
79090
388552
90332
57787
147700
2068
10848
2067
2354
6253
7408
80207
2828
24139
6633
54814
23403
147912
1760
1762
8189
26145
339344
4858
729440
64344
5536
83987
55228
57469
808
5739
147906
25865
29888
79147
6510
1175
2909
54958
23211
10055
27113
26093
255783
728
27202
9704
56917
11133
8775
29998
30846
29997
6415
8605
3978
374920
22900
100505812
93233
2014
55260
10945
83743
3770
9266
114783
6141
56848
1628
770
2524
284358
54922
2523
587
51171
57664
23645
4924
581
2512
2997
10856
6625
8541
3270
54795
28968
951
8463
55011
126133
2323
23521
26818
6205
2217
57333
51070
5639
57479
6237
58506
3661
83596
3276
126129
160
80199
81857
53635
101928378
11284
84335
79735
259307
23636
22809
51231
25888
79784
3748
256236
9476
7376
5424
284361
126119
554235
94030
6320
84798
3816
9622
5653
5650
90353
27180
945
402665
2109
4818
89790
27181
7728
100049587
102238594
147650
2357
2359
84765
65251
79898
101669766
59348
284370
80110
9668
284371
90317
162962
5518
90321
147657
162963
400713
102724105
84436
147660
388558
55762
7696
55769
81856
162966
7576
90333
162967
388559
125893
79986
90338
55786
84671
79788
390963
342926
91664
170958
91661
388561
147804
126017
55422
91663
126014
4696
29844
26121
4849
79165
147798
79143
79042
6203
11025
79168
10990
10288
3903
57348
104355426
114823
94059
148170
11024
10859
11006
55655
51206
112724
54869
54776
255043
22870
23640
84446
284417
84787
6158
27338
79763
89887
57106
284297
163033
84922
147807
100507290
147808
51157
51545
29903
11338
29924
126208
55311
79149
100506374
147947
147948
386758
147949
63934
100128252
57573
140612
388566
58491
5178
9422
390980
105372476
10794
125919
57343
284306
10597
147694
7565
388567
57191
400720
79744
374928
256051
162972
55659
284307
348327
7693
10520
90233
7710
79891
284309
54807
79818
2282
100293516
84914
730051
147687
147686
10172
80095
100128398
284312
7694
65982
79673
10782
27300
7554
342945
162968
105372483
116412
6193
201514
388569
7691
25799
55663
10998
84878
10155
27243
9040
100131691
7593
65996
642273
26751
52
285016
101927262
129787
7837
7260
51112
55256
246243
100506054
6201
78989
6664
129607
91543
9781
101929567
3398
57498
129642
8853
9270
51692
285148
6868
10971
9014
29841
8462
192668
6241
3241
4953
79954
245973
10130
130814
9475
1876
9687
23175
28951
151354
653602
51594
1653
4613
81553
79677
348654
3790
57665
400946
130502
57539
4148
9741
6382
23369
388
100874343
64342
151449
60526
338
105377637
114818
54454
165324
80304
2281
51639
375190
9540
375189
50618
8648
391356
79172
109
51277
729723
22979
1788
1838
55252
3797
10890
150946
3030
3032
165082
85465
3777
54978
22924
54867
60509
100128731
11117
3795
10669
10113
8884
51374
790
57159
4358
2976
8890
9784
130557
5496
2498
29959
200634
26160
64838
84226
84450
79635
11321
9913
22950
9553
64080
100302650
9577
100505736
100505716
2355
151056
5500
55006
23160
165186
388939
79745
51646
81606
253558
92291
79623
440854
30845
51072
84661
6683
55676
58484
84272
57448
55622
4052
25780
25940
104355288
51232
9637
6801
54497
253635
5610
100505876
10153
55471
23683
25797
10602
151393
1545
64225
92906
130589
6432
79833
90957
729967
100271715
6654
8491
728730
130733
80745
100128590
6546
91461
27436
9167
170850
57504
165140
23498
105374567
678
100129726
63892
130271
51626
64240
10128
5495
6519
9581
79823
55133
5581
2034
90423
23433
100506142
5281
9419
9655
90411
57217
805
618
4072
4436
56660
2956
80204
3344
129285
11037
27248
10936
23198
98
388951
6711
56969
400954
57142
130162
6233
4528
344405
55704
112942
57223
87178
2202
100129434
114800
7444
55120
53335
64895
5966
150962
5194
84542
339803
339804
130872
9736
7514
84140
10575
150684
10678
200728
23301
51057
4190
7360
51542
57162
100507006
29094
54812
9792
6509
23177
5861
10097
200734
4211
54465
10438
116143
56902
5534
25927
5341
554251
200558
9938
84168
2673
27247
22848
307
64395
11017
4084
151516
400960
5093
54980
7072
51449
6637
84908
7039
119
525
101927750
79998
113419
55577
84693
10199
400961
27332
8291
56603
23233
6697
2016
94097
26056
10322
84279
10574
150726
7840
9027
200420
51471
51002
8446
10617
72
1716
200424
388962
100507171
55233
10797
57835
1639
388963
84058
6242
23559
7841
116540
84865
64427
151534
84759
550
27429
84695
1796
10505
3099
56655
6869
84141
101927884
9801
6936
5967
8802
1768
9168
56888
83439
10618
54884
84173
822
4144
2677
8673
10791
51255
129303
10713
388969
6439
10578
84913
8869
90784
25885
55037
692225
10989
51318
65055
55818
51652
7844
64795
925
400966
5343
285074
102724642
112597
730268
5342
729857
51315
2168
55258
9451
22934
645784
3514
28908
28913
28912
28930
654342
645367
100509620
4118
64969
84874
7549
150696
30818
51011
150759
400986
150763
151
1844
56910
285033
55654
9391
23020
23397
93082
10865
55683
90342
81562
26504
26505
200539
51239
54910
151313
375248
100506076
100506123
105373498
57730
1329
10120
728537
7535
23505
3631
493753
25972
11320
343990
80705
150590
51601
129531
51263
254773
129530
10190
9669
51455
3899
164832
9486
79031
4862
6160
11138
55571
284996
731220
9448
100506328
7850
3554
8808
9173
8809
8807
389015
6549
84804
130827
100506421
5455
102682016
64965
9392
100506473
79074
2274
8440
84417
80146
653489
84620
285190
442038
6819
151234
27233
9648
3987
5903
165055
10913
100287216
344558
151011
65124
84220
96626
100271835
440894
7851
4867
205251
100507334
151009
100288570
100288695
729540
699
55289
10018
101927260
541471
64682
10461
84910
129804
84524
376940
727851
150465
84172
84269
6574
150468
3553
3557
23550
7849
654433
100130100
150472
375260
118433
11159
80255
10096
8886
54520
51141
8685
55240
130355
1622
140738
6344
200373
80775
5775
57669
79134
5899
105373989
3625
2736
29842
23332
105373990
254128
84365
7247
129684
2995
274
2071
10746
105373606
100506922
5624
55677
4648
55679
2840
84826
55339
5433
83607
79595
56886
9394
91409
55627
80097
84317
92856
26469
100216479
653269
653781
50649
130074
55041
653784
113457
150776
90557
29798
2863
344148
4249
81615
130013
100129961
905
22930
84083
23518
23190
4175
1615
101928243
7852
80731
3176
339745
11249
53353
8942
55843
79712
9839
401014
92
5000
55777
26122
3800
130576
27249
101929231
390
375287
9111
7130
55183
4703
26225
785
10254
114793
55660
151188
3760
4929
2820
728066
9595
130399
90
151531
130940
8502
85461
151525
29994
64844
4065
22925
3694
5937
10010
10213
285116
1803
2191
64135
25801
55137
2888
22837
101929633
151258
6328
6326
80034
2591
100506124
79809
100506134
6323
6335
6332
27347
253782
115677
4036
129880
79675
9360
493911
6741
29081
130507
140469
2571
26003
9874
79828
80067
79901
1781
8604
8520
254042
3655
5163
11069
51776
83879
6670
29789
9541
79634
151556
7456
440926
1123
1386
518
80856
3237
3236
3235
3234
100506783
3232
3233
401022
3231
10651
375295
102724224
105373759
220988
4780
100130691
8540
150737
92104
50940
129831
114880
101927027
8575
494513
51661
65977
100506866
7273
285025
91404
151126
57703
10477
3676
375298
6744
5136
54431
2487
10787
142679
129401
401024
101927217
55854
3685
165215
10203
7035
51454
1281
1290
84128
30061
54529
150709
64172
94101
5378
84281
26275
3628
54842
100131211
105373801
4664
2744
6772
6775
4430
64859
8436
57181
56171
9262
57520
284992
9330
80055
91526
101927547
23451
80219
3329
3336
130132
92935
5334
23314
205327
129450
79568
26010
130535
151246
316
9689
1195
53938
60491
4999
285172
4709
8837
65072
843
841
130540
66008
55437
151254
65062
57679
8324
7341
51602
659
150864
130026
55759
79800
65065
57404
10152
65059
940
29851
117583
8828
54891
100329109
4719
1933
57683
8745
130752
22868
130749
8609
1385
151194
151195
7855
389072
3417
200576
4133
285175
6120
151050
101928020
33
102724820
10314
1373
2066
22807
79582
580
26154
471
2335
55686
55825
92691
7520
150967
50485
6168
3485
3488
729582
7145
102465485
10109
14
25953
64114
6556
58190
7429
57695
9125
84812
7701
617
64320
27148
9654
1593
80326
79840
151295
27013
79137
130617
10058
79065
55139
79411
8576
7277
3300
5798
23549
1674
10290
29926
79586
130612
23363
114790
6508
2043
130367
10056
2181
23704
7857
130340
57590
65080
5270
8452
55619
3667
84236
1286
1285
654841
56947
3267
80704
6364
55022
92737
9320
130888
151473
3431
11262
93349
6672
51719
81618
257407
5707
3357
80210
93010
4691
10316
5757
5147
64708
129563
200765
9470
80303
26058
3769
25791
3635
55054
677775
677772
8527
55230
54576
54575
54600
54577
54578
54579
54657
54659
54658
339766
55355
10123
23677
116987
79781
57007
105373991
10920
1293
79083
64284
9208
375316
140739
80895
643387
8864
26146
51665
9759
85009
101927147
4705
150678
2817
51281
285193
57140
101752400
11132
2859
189
79919
25992
130916
23178
5510
50636
3069
101927509
4735
9855
10494
666
51078
23192
1841
84289
728294
102723927
728323
140680
85364
100507459
6666
80023
57761
10616
128637
1457
140809
113278
83541
9491
55321
9751
100507495
2280
55968
284759
10326
140885
140901
6628
79175
10528
3420
57593
56265
64773
64601
5786
64949
22888
60493
9762
65992
3704
83959
25943
8455
80332
6614
116835
54976
1059
994
55317
57506
80025
11237
54498
5621
23627
9770
9962
29058
5111
8760
149837
56261
149840
1114
51605
84515
54675
164312
55612
650
101929265
56255
23236
5332
63926
6616
8195
128710
182
22903
55304
140862
55617
51575
79133
140733
23767
613266
55614
6629
11034
6238
27131
692086
92667
57325
7692
55184
10621
10741
10483
388789
92675
57419
54453
51126
51340
57186
55857
101929591
22803
7056
22918
29107
64412
63908
1471
79953
8530
57136
84532
955
5834
26090
9837
22981
140838
102724826
26152
101926935
724033
100289097
102723316
102723390
284802
28954
81502
100101490
3397
84701
598
22974
2307
128853
164395
81572
140706
3055
9777
128854
5326
23509
9371
171023
140688
149951
1789
22919
51654
6640
9139
63941
170487
1869
11264
84905
128866
22913
8894
191
83737
83658
84557
128869
58476
23054
2686
55902
2937
57644
26133
55741
10544
10893
101410538
3692
55245
11190
51614
80307
6676
8904
10137
9054
140823
9584
51230
51282
647979
2036
25980
22839
101926987
10398
60436
55969
84174
57446
79980
140710
140711
25939
5933
140699
6185
63905
6714
10904
4826
56259
9675
58490
7052
85449
3929
388796
26776
26777
677840
128439
677821
677837
57148
343578
79913
26051
81610
60625
9935
7150
101927117
5335
23051
64900
84181
6431
26013
10110
51098
4605
84969
57158
51526
100505783
78997
128486
3172
79183
10955
11142
100
7529
80336
10953
6789
3787
6590
6385
90196
27296
51604
10406
116092
11065
90203
10005
140831
90204
128497
140825
5476
5360
63935
63925
4318
57727
958
51006
63916
55713
64849
112858
81031
2139
23613
100131496
8202
55959
284749
57580
10564
1434
6780
55661
57169
441951
3745
5740
9334
23315
9825
55905
6615
7335
387521
101927559
1051
100506115
5770
140876
84612
55653
23394
101927631
8813
27304
4773
10079
55734
128553
101927770
7764
1591
5203
55816
140689
116151
6790
1477
57091
51507
140687
655
8480
55544
5105
56937
55370
57403
9217
164284
149773
100534593
8675
79716
2778
51497
1522
81027
514
51012
128611
10388
63939
5509
60437
284757
1002
6874
105372704
149986
5688
26039
26164
9885
11047
3911
101928158
6227
81928
140628
28231
101928465
100127888
4923
100652730
55257
11054
10732
11083
54994
63910
54915
79444
128414
55738
1137
100130587
102723788
79144
85441
26205
50861
10139
84619
54923
56731
140685
101928604
140701
7165
80331
54963
100113386
57473
140700
24148
284739
6919
54345
10287
55251
102723996
102724023
102724159
102724200
102724219
102724428
102724441
102724560
102724594
102724652
102724843
102724951
102723360
102723475
100500862
100500815
103504731
103504728
100132288
6782
64092
8204
29761
388815
1525
10950
54149
114614
54148
58494
522
2551
351
100996571
116159
9510
11096
284825
29104
26046
10069
10600
10694
56911
571
100874322
2897
9073
7074
6647
57466
30811
54069
9875
59271
56683
8867
100506215
94104
54067
56245
116448
3455
3588
3454
3460
757
54943
2618
6651
29980
9946
6453
539
100506334
400863
6526
64968
114036
54065
3753
101928182
1827
54102
100506385
861
80215
54093
873
100506428
874
9980
23515
8208
23562
6493
3141
51227
7267
10311
1859
3772
2078
2114
8624
54014
3150
7485
150082
6450
10317
5121
25825
191585
54097
4600
4599
7113
54101
63977
25966
49854
9619
64699
53347
89765
54020
5152
10785
4731
105372818
5316
875
7307
1409
150094
23076
8566
105372824
1476
8568
284837
56894
7109
5822
8209
23308
5211
755
7226
7327
6612
754
3689
100505746
84536
85395
104
23275
642852
80781
100874236
378832
6573
1291
1292
10841
84221
4047
114044
8888
54059
54058
5116
23181
3275
503637
387590
100130418
23765
27440
51816
27443
83733
529
23786
637
57553
55670
51807
11274
728233
2679
8214
5625
26220
105372855
25787
26222
9993
25786
8220
6576
8218
7290
64976
128977
7353
7122
79680
10587
1312
421
128989
54487
27037
5902
29801
85359
7625
91179
84861
51586
5297
3053
9342
1399
8216
80764
728441
23119
375133
7332
150223
23753
23759
29799
5594
9647
8940
96610
140883
23532
91227
28813
28796
28815
100423062
3538
3539
2781
9609
613
26226
150244
51233
91316
266747
7621
150248
400916
4320
6598
91319
66035
284889
653689
100037417
1652
23523
56241
2687
29774
23384
646023
51733
83606
6634
2678
388886
644165
129049
85379
100128531
1417
100652901
91355
1416
157
57168
89781
402055
24144
8459
440823
102724827
4330
23760
284900
23331
11200
150274
150275
7494
84133
100874123
83999
129080
25807
2130
10634
162
8563
8508
4771
55954
29796
84164
8897
3976
5008
652968
83874
10291
85371
200312
23541
51537
730005
9514
23481
6948
339665
150290
23762
22880
55000
6525
140606
27124
91445
3985
113791
23598
54944
4733
56478
9814
23761
253143
9681
7533
6523
6527
51493
25793
8224
7078
9215
100506195
10042
10043
3162
4174
23551
80830
23543
80833
80832
23780
8542
4627
25828
80020
8664
11020
5816
4689
1439
7263
4357
79734
3560
114904
5880
27128
114794
4242
29775
11135
3957
26088
23616
57026
3956
79159
11078
3005
23464
129138
51386
85377
84645
5435
9463
23539
80115
8398
23764
25829
1454
11015
10521
646851
25776
56993
9929
9567
25777
10126
23467
23466
9582
27350
140564
200316
60489
23492
5155
6122
9145
10454
100506472
4248
54471
468
91582
9402
113828
100130899
23112
158
27352
57591
101927257
10478
6767
63929
9978
2033
83746
5905
23264
7008
10766
84844
50
171568
27254
5372
27351
2547
4809
79640
79879
6721
164684
4668
150368
91689
4700
100132273
1565
1564
6942
150372
27341
253190
91695
84271
267010
1727
53947
26286
11252
25809
27349
706
23170
80274
64800
80339
25813
29780
64098
85352
84247
55615
112885
100506714
10762
23313
55007
2192
25814
7477
100271722
55267
150381
400931
5465
150383
10343
55020
51512
55687
9620
23151
64781
25771
642757
348645
23774
105373090
9889
79087
79174
415116
56666
80305
83642
85378
83933
6300
5600
23654
414918
9701
6305
79924
55586
91289
29781
1890
440836
113730
410
85358
284942
11158
10752
101927215
152330
51095
51185
57633
285362
6419
3708
100126791
8553
55207
9695
29995
29931
51066
5021
56852
9901
25917
440944
55209
64419
7862
4968
8536
10474
10093
26140
285367
84522
132014
84818
78987
285368
55831
442075
152302
2177
55845
7428
3656
9797
100126793
84657
51738
6396
491
6529
3269
10533
9686
132001
7079
5468
80746
100129480
23609
5894
23066
6161
9922
23225
79885
2199
131474
79188
7508
27258
6533
80852
51244
84077
152273
100505641
7182
64432
64145
23473
100505696
9467
131965
85403
8292
26061
686
23243
117248
285381
92106
23180
23228
9779
6304
5868
151649
8850
151648
79750
7325
7324
28512
6138
9975
7068
5915
7155
55768
54995
152110
9497
8320
152100
64343
27303
7048
201595
114884
344787
23171
152189
112616
54918
51143
25904
2720
643853
10491
26032
25827
7342
23122
10015
10777
6769
9881
9852
4292
9209
2803
339883
3680
101928153
10217
50853
5333
9940
30
4615
9943
9390
9942
100128640
93
9941
57599
64689
199223
64651
1524
54977
3921
25924
10289
956
9045
285267
253639
285268
1499
54986
22906
7433
9117
51188
4820
101928323
92999
57467
152206
25994
1238
1582
389114
729085
84892
54861
100873954
55129
51099
285343
353274
285346
55888
285349
10168
7584
101928592
91392
115560
57456
56992
131616
51304
23016
7123
64866
23395
8994
22908
54716
54585
79443
10663
1230
729230
1234
9034
4057
79442
259173
4634
5745
151903
23218
29072
285352
64147
23276
25930
22937
54859
6599
22907
4134
51385
10201
5364
105377133
79714
51372
84126
11277
51246
5210
1294
7384
65010
1951
51517
51447
5576
788
10425
54681
11180
55152
25915
3615
54870
5859
10869
3913
64925
200942
339834
375341
7375
2876
387
6988
275
84276
1605
8927
327
4485
63891
386724
29925
9807
7318
4486
84315
10180
10181
100775107
6405
10991
2771
7869
7866
24142
3373
8692
11334
11186
10641
11068
11070
9254
51161
51409
1154
7867
1795
7873
29890
9730
23132
51368
9136
10039
57060
84836
25864
6159
1849
211
11344
132160
80335
132158
25981
8314
51533
56920
11188
23166
64943
440957
55193
26354
55830
28972
6787
3699
3700
375346
51460
91869
5580
7086
55802
776
55349
55540
93973
58515
55799
7474
26059
285331
23272
50650
353324
54756
26060
142686
201626
378
201627
7871
2317
1776
57406
11102
54899
5162
200845
8309
11170
200844
2272
5793
100506994
57415
80145
6314
100507062
9861
166336
100874243
56999
101929335
100507098
9223
100873983
101929433
115286
26018
84541
8801
101927111
285203
7110
9039
10550
23150
4286
27086
317649
23429
55164
727936
151987
55096
23024
5067
692099
401074
100131827
6092
6091
2632
389136
25978
3355
8545
105377200
55279
285237
2042
5627
200894
200895
63899
285220
84100
131544
84864
56650
1371
10402
131566
1295
84319
11259
55773
56954
9868
348801
55076
84873
10342
25890
50939
57337
54931
57092
27107
100009676
6152
105374013
285359
79598
91775
64332
214
868
344595
56987
961
55081
11148
57650
9666
25945
10225
90102
55347
79669
257144
285335
4345
151888
64422
55032
100506621
151887
131450
29083
25871
91653
55779
152185
54847
205717
80218
523
54762
254887
57577
79691
201633
26137
100131117
101929754
4045
152404
8702
57514
55254
56983
51300
941
141
51365
64091
10063
89876
2932
116064
11167
4710
3081
285282
2960
10721
3059
2804
9657
55840
6565
286676
942
846
131076
26355
54554
3836
83666
151636
165631
54625
79663
84925
100129550
54437
10954
26984
111
201562
4638
64770
8997
7372
3693
57493
84561
7707
8723
114885
101927056
54946
10840
100862662
28999
79364
114112
84303
5361
131601
4171
50512
80325
11343
166348
29927
8607
60678
2624
101927167
90246
6184
7879
28976
57501
79825
57461
7555
22820
56941
8971
339942
132241
677797
90288
8930
55764
23129
23023
100507032
729375
646300
131873
30849
27032
28990
79858
339874
152195
131870
11222
55
23317
100532724
84129
51554
79876
27031
55573
11073
7018
58477
51560
80111
6578
6259
51421
25847
80254
339855
2047
5523
55167
5096
10274
80723
101927597
4690
53833
51208
199221
51146
51163
25852
347736
22808
83850
80321
55179
5291
56945
9276
100507291
5947
349565
64084
55186
92370
253461
5922
9616
483
7029
256356
54464
545
5357
7220
26577
23350
9435
285195
205428
5352
57088
57047
5359
185
1359
2992
6596
84343
1356
116441
4071
25937
51122
11342
5217
653659
9819
27230
83939
51714
6478
116931
9934
53829
285313
56670
4154
401093
645843
5028
5912
26084
170506
4311
23007
285315
9197
8833
7881
6747
25976
730091
647033
389170
57018
79674
5806
51319
4291
85476
56925
5918
64747
100874433
57560
10051
286827
3840
677767
151742
8706
51068
101243545
11235
5274
27333
93556
2122
7012
55892
151827
7095
26996
80012
5584
6498
5010
200916
56648
6514
23043
5337
64778
8743
57552
1894
22871
100874010
254827
79718
102724550
64393
5290
27094
51193
55669
59345
86
57129
4711
8975
51555
151613
339829
8087
131118
23200
54165
56922
23101
84002
100505687
89857
54800
55689
55486
10057
8893
1857
1173
55324
10195
5708
1981
131408
1181
5437
7066
8646
2049
64110
23355
285382
1962
9175
90407
200879
59343
10644
6434
2119
1608
55171
51726
3273
3827
1974
619567
6043
5984
9370
6480
5648
64108
604
4026
401105
285386
55214
9076
10686
131920
3556
152137
2257
151963
84239
4976
3280
100131551
79572
401106
100507297
93109
55341
131583
152002
23527
5504
347
105374297
727956
440993
693155
200958
4585
10188
255812
105374301
7037
200931
5130
26043
165918
348793
200933
375387
54965
5062
205564
22916
152217
80235
4241
1739
622
220729
9711
84248
84859
84223
6165
89782
728262
152687
255403
642280
7700
79963
170960
54872
5158
521
4636
84179
10336
100129917
10815
2580
84286
1609
10861
3425
53834
285498
100379220
10417
100130872
285463
1487
92070
10296
101928621
57654
285464
152877
7884
92305
10460
2261
3954
7468
677770
7469
339983
353497
79441
10608
57732
6047
8603
79155
6452
118
10227
317648
8602
2868
3064
345222
6002
285489
4043
285492
152
348926
85013
55646
166793
27065
53407
100507266
55351
10141
132884
2121
1400
7466
23324
93621
93622
114932
55330
9778
57533
93624
80273
57537
84740
60312
105374372
84448
54436
94031
8310
152992
56606
9948
85460
116449
9957
9364
259282
132864
101929095
114905
57545
26234
285550
683
8842
202018
202020
9079
5860
51056
80306
27146
54876
64151
254251
9353
133015
80333
166647
57733
10891
1665
6649
91050
55203
51091
55300
29063
29945
10568
23231
389203
3516
55296
57620
5099
116984
401124
55286
768211
55276
23216
79667
51274
7096
10333
92689
51088
57728
5981
152831
6133
11019
7358
100885776
201895
3093
23244
55728
399
54502
79730
323
7345
22998
55161
10463
152573
10396
60558
132789
2555
54951
57205
10699
152518
1259
152519
7294
7006
57606
285527
54940
132299
80157
23142
339977
6443
132671
64854
643783
57291
100288413
65997
152579
81608
84708
402176
26511
5156
3815
3791
79644
55858
9575
55763
9662
57482
132949
5471
10606
6731
84525
5978
84273
5431
3490
23284
1060
26228
55236
550112
2798
9407
91746
79799
7364
10117
3512
57050
22902
2926
92597
1633
8671
9508
285521
26057
213
173
728040
166824
3576
2919
6374
2920
441024
374
685
25849
100507388
25898
152815
8999
9908
8615
27163
55153
4283
3627
53371
950
339965
57619
345079
55752
10983
901
246175
65008
80144
306
100505702
55589
152559
100506035
118429
5593
153020
3184
9987
58478
441027
79966
22872
100499177
79725
132660
51138
51316
27235
10855
113510
51023
84142
84803
1040
23001
404201
83478
5602
5783
345274
100506746
4299
57563
51170
53343
8404
6696
5311
9429
152926
55008
51191
8916
100873748
266812
285512
10144
166815
285513
6622
22915
401145
56916
10611
658
8633
285555
5910
10098
1977
23173
128
100507053
130
125
126
93587
285556
27071
8649
79982
3015
115265
51705
5530
55024
64116
4790
4126
7323
493856
133308
56898
1062
80319
54790
27068
54848
57117
79807
255743
93627
9255
9061
166929
101929595
113612
3033
51176
6164
58505
84570
10427
55013
839
81579
3426
54433
1950
79071
2028
132720
55435
92610
80216
55345
51574
287
817
79642
7368
133022
100093630
8492
645455
729218
57721
9871
171024
54532
401152
401149
645513
8654
11107
79625
84109
308
5393
890
55212
84162
166379
2247
166378
10252
57182
79633
27152
22824
10733
256471
80167
55132
10424
100507487
79960
132320
132321
57575
132430
54510
23657
25819
1998
4717
80155
83452
80854
4258
55534
60592
1047
255520
23158
644962
57484
27309
100507639
3600
8821
84640
2549
8467
64399
10393
6059
54726
4086
166785
152485
11157
84068
1909
55751
90826
79658
4306
166614
987
10586
6189
152503
345062
729830
5188
55294
54553
201799
27236
85462
23321
303
23240
7097
285533
6423
54798
5356
2244
2243
2266
79884
2982
2983
1519
56034
2743
51313
55314
59350
201725
2110
5481
57600
9693
92345
4886
55319
55016
201931
11275
2713
6307
1363
7092
55601
91351
23022
84869
57630
4750
1182
54969
100506085
9848
51166
51809
3148
8819
11341
26269
80817
3248
116966
60559
7424
175
90768
55714
1635
152641
80014
55602
3622
201965
60684
56977
133121
3660
836
201973
79682
2180
643036
291
57587
83891
55805
353322
55325
441054
256309
27295
8470
7098
105377594
25854
285440
3818
2160
2195
2483
153478
133957
6389
10016
57491
116349
11336
6550
100288152
55722
11076
101929895
653082
79844
65980
9319
100506688
85409
10723
101928793
101928857
340024
81037
6531
79888
728609
728613
64979
4726
153572
79192
101929176
170690
23379
84246
134111
54888
6715
11044
108
4552
79072
100505738
9037
101929338
100505806
134145
22948
134147
10299
101929412
651746
1611
1767
7204
54491
90268
56172
100130744
23194
90441
54463
101929524
4651
10409
728411
100506217
643401
1004
29102
55322
23037
64083
54545
51663
10923
4883
6897
81792
23600
114899
105374753
26064
5810
55299
134218
64902
5618
79925
3575
133688
92255
6502
133686
202151
6507
646719
25836
65250
9631
55100
133584
3977
100506495
9180
253260
2533
1601
5734
23548
5562
100506548
6167
84674
730
729
345557
5019
285636
26272
2690
100129792
6414
643977
648987
389289
153684
100132356
100506639
7690
3157
56477
64417
375444
10605
100652772
23530
10884
133418
79668
53918
3672
3673
4338
257396
10468
4724
54622
112574
11082
3003
3001
493869
54505
23517
8611
379013
153129
3572
4214
133383
166968
65056
10769
202309
5144
25859
55789
79993
1161
91942
643155
57688
3796
27292
51194
100130733
285671
401190
285672
10283
11174
64105
23398
373
80006
54557
57486
55914
100303749
140890
375449
101928794
4064
5295
64924
891
92259
1022
202243
102157402
6880
5884
153562
100506658
728340
100272216
653188
728492
6607
11039
653238
11042
441081
101929599
6606
4671
2966
647859
100049076
55814
64087
4131
23107
79810
167465
3842
115548
105379029
134285
134288
2297
689
57763
84135
64283
8507
3074
84340
10412
26049
51301
256006
3156
10087
51426
728780
134359
10788
2151
2149
2150
1393
55109
84327
677828
728723
8622
55255
6902
105379045
8546
728769
9522
10184
411
29958
23743
635
133746
9456
105379046
167153
202333
345778
7060
256987
644936
441089
9765
167555
1719
4437
5924
1160
100131067
84240
23635
83734
6228
92270
153339
7518
1462
105379054
1404
10085
1350
5921
644285
902
153396
100505894
4208
1070
153364
10622
116068
84059
100505994
57561
100129716
441094
7025
83989
134187
285600
84250
79772
9652
153642
22836
2745
22936
5122
831
51752
64167
4012
167410
55781
285704
1105
100289230
345757
7903
353189
5066
54826
23262
90355
83594
1946
64839
2241
9867
4124
642987
91137
134430
814
134429
100505678
9315
64097
114915
101927023
54508
324
6728
7905
167227
4163
64848
5229
153733
56929
51014
9140
1176
51397
101927190
57556
101927233
285605
1657
25816
3295
51334
153443
4015
9627
6643
28966
5480
93166
153241
1456
57507
65983
501
51808
4001
115123
401207
133619
644873
6558
2201
51015
171019
337876
3094
90624
56990
51735
96459
23305
8974
8572
6583
553103
100500865
6584
441108
3659
105379200
10111
11127
645121
23176
134548
134549
27089
116842
27125
105379177
54819
3308
23105
56951
7416
6932
6500
5515
51265
7320
91368
23338
51128
10802
819
9879
134553
79770
84105
347732
100996485
9555
9547
340074
153328
26223
7045
4090
389332
6695
26249
10949
4888
9499
51306
8382
10902
10112
8697
51307
51780
1958
2107
3313
1495
26045
64374
9782
26821
51247
9963
389333
202051
202052
641700
340061
7322
51523
9542
100505636
5813
492311
84418
5201
1839
83697
54882
10011
10307
113829
55374
929
4695
3550
54853
373863
3035
23438
153527
56145
56144
56142
56141
9752
56139
56138
56137
56133
56132
56131
26167
56129
56128
57717
56127
56126
56125
56124
56123
56122
54660
84054
56121
6879
56113
56112
56104
56111
56103
56110
56102
56109
56108
8641
9708
56101
56107
56100
56106
56099
56105
56120
26025
5098
56098
56097
1729
100505658
8841
89848
64411
5097
9812
51294
9604
10007
80762
81848
2246
23092
2908
81555
57528
153768
153769
51520
54439
10915
5521
202374
1809
6690
389336
102546294
81545
154
79628
22885
134265
134266
78991
728264
406937
1452
389337
133522
1836
81789
22993
1436
5159
6949
972
6208
3340
11346
91977
55696
51164
85027
91975
134466
2878
10318
309
26112
2760
153201
206358
2196
6678
101927096
475
10146
10827
4238
55568
386627
79685
23367
10826
9337
25929
29093
6444
153743
91937
26762
84868
9443
3702
26999
408263
102724404
8728
54974
134353
9685
1879
153830
134510
3593
147
7265
114825
2172
79616
63920
10569
9232
900
134492
3161
27430
57451
23286
5917
79646
6586
728095
54908
1794
100131897
2299
100507267
3937
30820
3779
2568
64901
4869
23291
6793
92181
285590
54492
1843
57222
51121
8992
677841
153222
662
8614
91272
80315
94081
3274
84321
202134
100507387
375484
57179
285598
51491
192286
1212
23197
22838
54825
114787
26262
3101
51720
23567
2264
64324
53917
27166
83463
10960
10636
6569
2161
2870
340037
80758
1627
9260
79930
51428
54540
54732
11285
202181
285596
728554
653316
23138
64777
55651
3182
85007
91522
57396
6940
729522
117608
80108
285676
345462
30832
9509
80230
101928445
3187
821
9794
4056
11282
8878
51149
23061
55819
5601
9945
57472
2324
4245
100859930
729678
643836
153579
81786
90933
10399
619570
101928649
84851
100507602
100132062
56940
3662
55770
285768
94234
101927703
2296
2762
100508120
340156
56897
1992
221756
5272
5269
401232
4835
401233
101927759
8737
670
7280
347733
389362
63027
221749
26240
8899
404220
10455
9425
100129461
57128
648791
10667
101927950
51299
2162
9450
6239
6745
83732
1832
154007
654
81567
206426
9521
51000
100506207
7020
2651
55003
51522
81853
4117
221711
54898
221710
405754
4739
100113407
84830
3096
1906
221692
100130357
51256
54438
23408
51406
10048
63933
221687
9308
3720
84062
29116
2766
6310
101928433
10486
51439
9972
63971
7172
221656
7913
255488
3400
154141
1871
54901
6659
401237
729177
140767
51473
57380
2822
7915
51567
55856
81688
51053
9750
8418
55604
10590
10050
6568
10786
10475
3024
8350
8359
8366
8358
8335
3018
8352
3006
3077
8364
8347
8334
3008
3017
8344
8360
8351
8343
8367
8339
3012
3007
8361
8968
8345
8346
8365
11118
10385
11119
54718
10384
11120
493812
10473
29777
79692
387036
100270746
8970
8969
85236
8294
85235
10279
7754
346157
7738
8340
8329
8357
8331
8363
8362
8341
3009
8354
8336
8348
7718
221584
100129195
80345
7745
7746
222699
387032
7741
84547
64288
80317
9753
222696
114821
5987
282890
10537
2550
346171
3134
285830
54435
3135
3136
80868
3105
80862
3137
100507399
30834
6992
10107
89870
7726
3139
414777
56658
3133
2794
80742
23
5514
28973
79969
221545
8449
170954
11270
9656
203068
10211
8870
780
2968
57176
170679
1041
54535
6941
5460
100130889
253018
3107
3106
100507436
10866
352961
4277
401250
4795
4049
7124
4050
7940
199
7916
7917
55937
57827
7918
1460
58496
7920
23564
1192
80737
7407
57819
3305
3303
3304
50854
4758
80736
10919
717
221527
629
7936
6499
1797
8859
720
1590
7146
721
1589
7148
1388
80863
9374
10554
6048
177
5089
63940
4855
10665
3122
3127
3128
3123
3117
3119
3118
3120
6891
5696
100507463
6890
5698
100294145
3109
3108
6046
3111
3113
3115
1302
6257
7922
7923
6015
6293
6222
8705
9277
10471
5863
6892
9278
1616
3833
5252
51596
8831
221504
578
3710
84300
117283
221496
3159
221491
11165
6204
64771
6631
54887
6882
23294
222663
7629
50619
5467
2178
4736
7005
2289
100847048
105375110
6732
1432
5603
27154
285848
51513
222658
11329
6428
1026
105375039
57699
51645
221477
221476
23787
221472
5292
55633
9025
23070
154467
266727
60685
114781
2739
1769
55776
8645
23500
4337
222643
10930
221443
4800
221442
54209
54210
116113
7942
10817
29964
100188893
25862
9477
705
896
129685
647024
55173
55809
23304
5961
6903
23506
401261
285855
10695
27232
5190
4201
5528
116138
88745
9820
51069
89953
5754
6722
23113
10591
10864
401262
24149
89845
65989
93643
25844
9533
57510
5429
54676
9587
55168
7422
101929705
221416
64928
55362
2030
3326
347734
4794
57505
988
8464
860
53405
22875
59084
10231
101926915
51302
9481
221400
7941
221395
101926962
266977
27242
23607
442213
4594
55166
135398
7021
5314
4172
85315
114327
9697
401264
730101
28978
2939
2938
2941
125050
22858
26268
60481
647190
2729
401265
55227
27283
222584
81578
667
57691
26036
9532
51715
5558
375513
51557
7803
23469
346007
441155
577
55788
1310
57579
135154
60682
79627
407032
79940
80759
55510
115004
25821
1915
26503
135228
1303
1347
55754
27145
26054
4646
101928601
134728
55023
9324
100288198
167691
105377866
83699
7272
594
55603
25998
7162
90025
23033
5238
112611
4199
51167
22832
9096
4907
57231
10492
387066
23036
57150
206412
63914
10559
57038
23595
55122
1268
8732
10957
135295
135293
2570
51465
58528
22881
57226
23195
9994
60468
6885
2045
643432
101927288
79694
10690
23376
9457
29078
114792
253714
26235
84553
51805
25957
101927365
85015
100130890
892
6492
10973
2898
57531
11149
5550
639
9474
202
84816
55278
100422737
693172
100133941
51250
57673
57107
55084
256380
11231
28962
7101
8724
246269
2309
84071
27244
285753
8763
285755
6610
64780
9841
221264
9896
8936
51362
8528
23097
262
112495
84154
117247
91749
5980
643749
10758
2534
51175
619208
3910
4082
285758
3066
2444
728402
221294
1300
23270
7259
29940
441168
254228
51389
345895
221302
3841
285761
57120
116150
222553
387119
23629
5350
254394
25842
79632
4121
221322
2697
3298
57515
5570
2173
10924
154214
7164
51020
23493
135112
135114
60487
84870
81847
55862
387104
387357
5796
3908
93663
84456
154075
114801
2037
9465
9439
5169
79541
643854
5167
1490
26002
8417
8876
8875
116843
6206
2070
100507308
6943
9519
154091
6446
64577
10767
54806
27115
113115
9774
9053
4217
101928429
5191
3459
100130476
7128
64065
57221
23593
57224
25901
345930
85021
58527
51696
167838
10370
51534
57211
3097
51390
134637
8504
2519
285740
9749
84946
5325
57061
83443
8676
7402
7957
100507557
84085
257218
2911
10981
729176
134957
389432
23328
10090
23118
340152
85313
116254
645958
11104
9113
348995
5110
84918
135250
81706
389434
57480
25902
9590
57621
55005
79624
80129
2099
23345
80177
7432
26271
54516
26034
154043
22828
26230
51106
49861
57492
729515
79683
51429
8871
84947
404672
56995
57583
6993
94120
7430
83861
117289
84624
6648
9589
39
6950
677806
29074
3482
100271873
729603
6580
6582
6581
5340
4216
56895
79992
5071
135138
729658
9444
10846
90632
113402
51660
6196
8635
11116
1235
653483
4301
79981
168002
64094
7058
253769
387263
55274
55780
105378152
28514
84498
5689
6908
5134
102723872
100507642
56975
5154
441307
5575
54919
23353
102723743
51608
11033
90639
84310
115330
2852
90637
101927021
79778
26173
7975
100128653
202915
84262
114796
392617
8379
29960
4521
29886
8662
55501
101927181
3955
221927
23288
80727
155185
2768
84433
221935
105375131
221937
9907
441191
57786
26100
222962
84629
80028
221946
60
6624
54476
401303
51622
5395
7965
27102
100310846
84132
9265
84792
5879
221955
11014
392862
55146
79034
54753
100131017
7559
441194
221960
100131257
56913
340267
101927391
54468
6119
729852
113263
3382
4697
9678
221981
54664
221806
102725191
85477
10124
2115
392636
4223
729920
25928
57037
28969
27075
196
102659288
23161
9734
221830
346389
100874041
3696
222901
6671
8701
55536
9771
3569
54543
84668
55975
11097
10457
115416
10643
29896
90693
340277
4852
51678
1687
26031
54205
136895
9603
3181
11335
29887
101930332
441204
285941
8935
100506311
3199
3200
105375205
285943
3201
3202
3203
3204
3205
3206
3207
3209
11112
790953
8887
221895
9586
9865
100506497
54504
1124
102724484
222171
646762
644150
9805
55033
84725
222166
223082
222161
100506516
10392
79017
401320
2617
11185
358
223075
5137
23658
23080
100129460
441208
401321
25948
441212
11328
51251
6100
27241
55025
168667
23333
554236
64224
101930085
989
80820
23366
54443
313
9844
353345
6424
54749
83930
273
27072
57002
5898
349114
8621
136647
79783
3624
2737
79020
5683
64983
23072
9263
55744
644
55665
51619
84820
285955
401331
255031
28988
5224
27434
165
5425
10652
816
23386
54606
222068
4967
83637
5478
94239
5814
64005
285958
83605
23148
9238
677796
10268
107
641977
3484
3486
64759
168507
3364
7378
154664
10320
63979
1644
2887
23242
23480
1956
100507500
55915
81552
360132
349075
51373
2631
5723
908
25870
5260
51142
442319
728927
649395
340252
51427
7697
10793
51351
2086
643180
168374
441242
644619
643253
154807
2990
435
27297
8460
285908
493754
154881
100996437
27342
644794
55069
51119
55253
5382
64940
101929736
26053
64409
441250
155370
9883
260294
378108
100101148
442578
100996746
100093631
55695
135892
9031
9275
26608
51085
155382
84277
114049
6804
171022
83451
1365
1364
155368
2006
3984
7458
7462
5982
7461
9569
2969
653361
84163
442582
5383
729438
81554
389524
654817
2970
5380
54441
541473
375593
155400
100101267
442590
5387
3092
57414
5447
83862
51657
4191
222183
3315
7532
136853
7784
113878
619190
105375355
105375354
102723555
100133091
22932
441263
102723849
100132832
100505767
57639
10875
54103
5782
100505854
222194
85025
57157
9863
100505881
2770
948
10512
3082
781
27445
10371
101927378
223117
222223
9988
79161
11257
54677
5244
5243
154661
55972
10926
53616
6717
79689
26872
261729
79846
85865
9069
5218
8321
7978
10142
1595
889
54467
57798
30816
5189
84060
257415
1021
54809
219285
253012
55610
799
7980
2791
10282
1278
64921
8910
23089
55607
5445
51666
5166
1780
10165
7979
57001
440
389538
22853
25851
25798
55971
4885
222865
8295
100500819
101927550
57154
10552
10095
11333
8896
10898
9551
285989
84124
23660
221786
79027
221785
1577
89122
563
7586
7589
7551
10980
4176
9179
6878
245812
255374
389541
55262
79690
10734
352954
79037
441272
5379
101752399
101735302
29990
29992
55063
56257
221908
81628
3268
100316904
4034
5118
64598
2783
64599
10248
2056
2050
56996
7205
51593
43
4584
10071
81844
5054
1174
8985
10467
24146
51024
64792
1523
10603
729597
100289561
105375433
80228
54784
222229
5439
100271927
548644
441273
10156
246721
100134938
100310812
222234
222235
10234
83787
222236
100129424
349152
9512
27000
5701
5649
5001
375612
723809
100216546
100216545
55904
6733
54517
60561
222255
222256
6856
10135
168455
5294
5577
26959
10466
2845
11062
55973
5172
79872
1738
3912
22798
4897
50640
168451
4189
83943
54674
9732
100506413
11179
3475
286006
64418
154743
401397
93986
29969
22797
26136
858
857
100996266
4233
830
7982
338069
93654
1080
83992
51691
23554
54556
79974
10447
10157
93664
168433
378925
6561
154865
4698
8976
25913
2918
168850
79571
381
27044
27099
64101
157247
55131
3614
29923
55798
402483
346653
813
64753
2318
9296
100130705
375616
3663
23534
407835
340348
6608
23382
57464
105375620
4899
7328
51530
23008
84928
95681
4232
26958
53844
378805
100506860
4289
100506881
5420
91584
54927
100500804
60412
136332
84912
231
669
800
340351
55281
78996
29062
346673
4850
23165
647087
26266
389558
5764
9162
64764
100130880
8805
136306
50617
155006
57670
92092
56829
79989
254048
51631
28996
101928984
6916
64761
80853
100134229
84255
401409
23608
27147
90956
4708
673
51650
100507421
55750
57189
6742
50831
50832
54429
136242
23601
8972
93432
28639
28638
2051
55503
56302
373156
135932
835
9715
7791
2041
441294
101928422
285966
340307
154761
9747
100128553
445328
101928605
402317
101928492
401428
728377
100142659
441295
346528
7984
27010
8454
2146
6084
9601
136051
155054
57541
8427
7988
100289678
155060
27153
155061
79970
84626
168544
23145
643641
401431
155066
653857
65999
113763
5919
29803
285971
728743
155038
168537
55303
474344
26157
170575
28959
55365
26
4846
285973
11194
9311
1020
6522
10922
83590
116988
10061
54480
6604
51667
349136
6009
51422
63917
58508
7516
57180
1804
101929998
100132707
22976
202781
3638
100506302
155435
6469
389602
129790
140545
64327
64434
9690
10049
5799
54892
57488
55112
7434
644128
169270
101927595
26260
157695
157697
105377774
9228
2055
9639
9920
9172
64478
79648
285
100507530
55326
1672
100128890
286042
157285
137075
9258
90459
79660
8658
4482
101929191
83595
54984
286046
66036
83648
252969
2222
1508
100132923
85002
100506990
729732
91694
57604
10395
7991
4481
286097
51201
29883
137492
9108
6542
5157
57509
5108
427
9
23362
63898
55790
55174
4023
526
11178
2675
9046
23039
2039
64760
79873
80346
649
9796
661
55124
23516
5533
10174
64236
541565
57805
55909
80094
1960
23221
8795
8794
8793
8797
91782
203069
4017
100507156
9583
51312
6781
10863
4741
4747
80005
2796
54793
157313
64641
5520
665
10687
1808
148
23087
2185
2053
1191
51435
55246
286133
389643
55140
55893
157574
7976
2137
55756
79618
23303
1846
51669
23484
10671
100128750
11030
2961
2936
7993
5516
56154
29942
7486
3084
84750
84549
80185
692084
79845
137970
80139
11160
728024
11212
25960
55290
80223
1978
9070
27257
9530
23259
84513
54904
137994
2260
286140
6867
59339
203100
83877
8754
3620
56892
6422
51125
84296
137964
286
7994
10947
5327
3551
5423
7419
6575
114926
55145
81790
84376
2339
84197
138050
23514
1052
5591
4173
7336
6591
137902
115294
9821
51606
6917
10434
29088
64321
6101
137695
96764
4067
6224
5324
79145
54928
100507651
90362
137886
6386
8439
9760
767
5862
55636
444
8836
253943
9420
55156
9650
5150
84675
100505676
23212
137872
254778
4603
80124
56260
157777
641638
10987
79848
10565
80243
23213
10499
23471
286190
51110
389668
2138
9242
100132891
8989
392232
7013
157869
6129
157506
101926926
27067
55284
6921
54968
23643
56704
54332
83690
3174
79776
5828
5569
51101
3574
23462
28957
7163
65986
619279
55824
2171
2167
3612
79752
92421
64089
138046
85444
1875
401466
377677
759
760
245972
11059
51115
8895
4325
101929709
8767
734
4683
1666
793
169200
64168
55529
100506365
51633
115111
862
286144
137392
389677
55472
91147
54704
2669
25788
25962
54845
286148
55656
9134
137682
94241
79666
157657
392255
7381
51001
9791
6383
10404
85453
92140
55353
4147
6156
203111
10247
10940
79815
6788
157680
1345
5440
6674
25897
157567
26986
7534
51123
79977
83988
50484
51366
7071
101927245
51582
100506753
528
79870
8323
115908
81034
25879
9699
1807
29967
23414
102723356
55074
284
3646
9694
84955
56943
93035
9166
55638
7227
8667
84294
5885
90390
2131
401474
4982
114569
4856
5168
6873
64798
7373
28998
27085
6641
101927543
3037
22882
79139
93594
11244
29028
55093
114907
157769
654463
157378
55039
101927612
11236
83940
4715
9788
137209
6713
9897
286053
10221
100130231
157638
100750225
101867536
100507056
5462
4609
5820
641384
51571
50807
100507117
29065
114
23167
3786
23639
51105
7038
6503
8840
10397
6482
57623
10656
51059
169044
83696
54108
27161
5747
22898
57210
2843
11156
389690
203062
575
23237
8629
51337
66004
4061
286122
338328
286128
2738
79943
116447
114822
23144
79792
642475
93100
1936
84948
65263
7264
9831
286075
225689
286077
100128338
23513
22827
340371
83481
5339
84875
2907
375686
392275
26873
54512
8733
1537
81858
84232
340390
51236
727957
23246
642658
3297
8694
26233
79581
203054
29894
55630
51160
4796
50626
90990
84988
2875
113655
9401
9684
414919
80728
90987
80778
6132
340385
7553
28991
58500
7564
286101
286102
65265
100287171
55871
157983
81704
23189
10655
6595
7436
169522
9933
5991
101929302
169792
6505
55064
403313
55664
50808
10171
3717
11172
55848
29126
80380
57589
79956
2315
158358
26953
90865
115426
2731
23081
90871
5789
7306
286343
8777
401492
4781
340481
158326
158219
6619
11168
203238
54796
54875
6456
92949
10670
54801
123
55667
6194
340485
25769
4300
54914
401494
55958
4507
1029
1030
63951
441389
286319
79886
9373
80173
64922
7010
79817
56832
203228
48
23586
10210
100129250
4712
138474
54840
3301
55234
2683
573
51510
4799
364
360
65083
304
11191
54926
55833
25853
51271
347240
318
57462
203259
27019
1271
138716
11258
10280
2592
3590
6366
25822
138724
7415
2189
84720
30968
80256
10497
9853
7016
971
6023
84904
768
7169
7094
10488
57704
9827
4882
26206
84681
51754
92973
646962
158376
8434
152007
1211
10020
152006
9833
100506710
84186
9380
9925
64425
26267
401505
22844
158234
51010
79269
92014
6461
219
100289137
253650
79937
401509
389741
654466
441430
101929959
105376056
100132352
595135
644019
105376066
728577
100289279
100132948
103352539
728673
375719
100996643
642236
220869
441425
26149
643827
100131997
100133121
445571
5239
169693
8395
116224
2395
9414
9413
320
375743
256691
100507299
23137
687
80036
23670
51104
138241
9615
100507540
7763
216
301
140803
55071
138199
54981
26578
5125
55312
653162
2650
158471
50652
23230
9630
2776
84131
29968
7091
101927477
7088
158158
102723989
257019
414328
29979
80318
55582
84267
3190
80010
4915
23287
389765
60560
51280
81689
79670
2619
440173
1612
1514
392360
286234
23552
105369216
10927
158046
286223
1903
53358
1164
79048
10507
10912
54769
6850
100129316
549
4783
4920
10558
3376
55035
401541
4969
4958
54829
1842
64768
100128361
23299
138649
83744
89846
203328
84270
4814
65268
445577
158293
23196
5253
101929519
138639
158257
169841
54754
84641
2203
84909
2176
5727
100128782
375748
3293
11046
195828
22927
8555
195827
22869
158431
441454
441457
84278
1515
100499484
23424
7111
158427
4686
7507
51531
10541
54187
9830
7464
55357
203286
79695
1306
7046
85365
10952
8013
55014
23071
27130
54881
91283
54886
54534
7743
229
101928470
84302
56254
116443
10592
25934
55335
19
23446
83856
26134
2218
55151
105376204
58499
340512
5887
9314
8518
54942
8727
23731
54566
5774
114299
7295
79987
1902
23392
158399
22949
548645
158401
7357
64420
9991
84263
158405
58493
401548
57864
169834
7539
1318
23307
1317
246184
9128
138065
114987
54836
81932
210
54107
5998
114991
113220
85301
80709
25861
9550
203197
9966
944
3371
50514
5069
23245
100128505
22954
7099
55755
1955
26190
5711
253039
26147
7185
727
11064
51552
105376337
2934
57000
2040
2681
153090
158135
4702
26468
92400
92399
5742
5082
54542
10773
57684
23637
2844
81571
55342
286204
57706
10783
5695
100129034
2649
169611
11224
81873
2800
286205
5537
10244
3309
26130
79109
5090
89853
4010
23099
403341
9649
23452
84253
29988
7633
6136
90678
64855
6812
286207
138428
27433
10044
1025
2356
2022
102723566
203
30815
27090
8818
399665
203245
114789
100289019
80142
79095
25792
1759
2801
375757
26995
51117
10999
81605
51148
4957
2733
6709
89891
6418
29941
84885
10444
54662
51490
883
56262
254295
22845
23511
56904
84895
57171
1384
5524
389792
100506119
100506190
28989
140459
9536
27348
1861
51759
10868
23048
57720
23413
256158
445
8939
23404
25
10319
83543
8021
286336
84814
84726
10585
83549
2889
9442
84628
23064
7270
64794
9329
158067
11092
7248
9328
1056
5900
26301
101928193
29989
28
6838
6837
6130
6834
6835
6836
169436
57109
11093
11094
11182
9719
1621
138948
1757
7410
266655
8019
11091
100151684
6256
1289
2219
10439
100506599
9858
51116
5047
157922
10422
138151
90120
169714
26086
728489
64170
6621
10807
23203
56623
9919
4851
51162
10555
138311
84973
414332
85014
84960
100131193
55684
389813
29085
158056
8721
7186
54461
286256
5730
286257
20
56654
954
89958
91373
11253
29952
29882
8636
286262
94107
27158
727800
375791
643596
142680
10383
441476
25920
54863
441478
54932
10811
377841
26012
375775
64975
92715
116225
92714
85026
79813
643210
100132403
55344
8225
283981
28227
1438
3563
293
105373102
751580
80161
8623
286530
8227
207063
9189
401577
4267
8908
414
415
25878
5613
389906
57502
8226
412
8228
3730
6907
4935
357
55841
1183
4281
3052
395
10943
5634
51284
51311
7114
170082
9367
6399
8481
2824
54960
286480
158747
140462
5277
59272
660
57393
340591
11238
8233
8905
56474
94056
55787
5931
9185
4810
6322
10742
6792
100132163
5256
10149
5160
389840
30011
256643
256714
1964
100158262
6197
51360
404281
6611
10549
23597
6303
79135
80311
1968
7543
5165
5422
80231
2710
257397
1756
83604
286464
5638
1536
6990
94122
8406
6103
7102
58526
54880
10159
159013
9282
8239
1654
8573
2857
27197
4128
4129
80258
139341
7403
79742
55634
641339
401588
56548
84679
6102
9767
9104
54539
8241
7317
8552
5127
8237
7592
203414
369
7076
2002
8409
347344
7569
57232
92745
24140
64840
10682
4943
5935
64743
7454
6839
10013
27344
10245
10084
7355
11040
55593
3750
56850
7030
90060
11230
11152
27238
79917
5355
4007
6855
28952
89801
389856
1184
57477
23708
9500
81557
728239
727866
29057
54328
64061
102723508
8242
23096
8243
158787
3028
10075
23133
54954
65267
90121
2245
54552
10916
7216
5207
27301
90736
28986
158880
10325
11279
29978
550643
442454
169981
474343
158584
54466
158586
7789
139886
92249
23229
139285
55613
55906
340554
81887
4478
11326
9843
60401
367
4983
286451
9754
1947
64219
1896
3476
407
51248
24137
1741
29934
4303
3561
9968
54413
2705
9203
4841
6872
8473
93953
340527
441502
340526
5303
54821
6191
55869
5255
4674
53344
7503
554203
100302692
693122
6567
51132
340533
22
139596
646127
158866
286495
51260
57692
546
84061
1349
538
441531
5230
51616
10800
27334
9452
101060146
254065
79366
6451
27330
139324
139322
7552
79983
1121
56062
1730
7105
27286
94121
1478
79979
2491
1678
695
6173
2717
100131755
51309
54470
51566
9823
84460
140597
340542
64860
9737
80823
100287765
56271
90843
84707
51186
27018
142684
79921
85012
9338
9643
286437
139231
203447
139221
55086
79589
54885
9075
79710
55285
54830
5631
1831
11043
340547
5716
115201
1288
1287
55916
2182
105373311
84187
9949
91851
5063
827
401613
79868
154796
57631
5358
642776
90293
54521
139818
3597
79836
10857
203427
100303728
292
63932
7319
55922
23157
6170
65109
7737
4694
79576
158801
10009
55026
3920
8450
28985
29071
2747
2892
57187
331
10735
10178
6594
4952
8862
7512
54440
51114
10813
63035
2000
9131
55609
9016
51634
55855
10495
51765
57826
101928578
55796
90161
2239
2719
84295
3251
84848
159090
159091
56180
644538
441518
8933
26071
644596
7626
203523
399668
203522
93380
10479
2273
79649
27336
9459
27316
101928747
2258
286410
1038
23641
139065
84631
105373347
2332
2334
3423
100131434
91966
84548
541578
100272228
10046
4534
8776
83692
3149
203547
2564
1069
50814
7739
29944
84968
10838
139735
11219
55559
633
92002
1852
139728
6535
10134
215
5365
26576
3421
6748
57595
3897
554
393
8260
5973
3054
8269
3654
4204
2316
2010
6134
26778
1774
6901
537
2664
9130
55558
8270
8266
8273
60343
2539
8517
139716
1736
4354
2157
8263
65991
100272147
4515
79184
7411
1193
101927830
55217
10251
6845
6192
7544
100873962
90665
5616
64595
8287
8653
7404
22829
83869
246126
8284
9086
